0.4086844	0.39540195
0.53218323	0.34448463
0.8089761	0.1614261
0.74779177	0.3073576
3.4598181	0.28570104
0.9569189	0.20852341
2.9322646	0.25275567
0.45288527	0.3379784
0.8387063	0.16376065
0.6548426	0.32725677
2.1625307	0.31175053
0.5202686	0.28015682
0.7327072	0.17081997
0.47643512	0.3040724
0.5041614	0.2518311
0.91577387	0.27944857
0.70155954	0.33445373
1.6923115	0.39096168
0.97652984	0.21607079
0.70346236	0.24344814
0.55547804	0.25716642
0.5064115	0.2622363
0.5248663	0.27637777
0.7507751	0.28041568
0.4197111	0.3507035
1.5874478	0.40736598
0.44619992	0.31703758
0.55630684	0.24335489
0.6212033	0.25788018
0.460273	0.33861008
0.71060705	0.35777903
0.85652333	0.23652871
0.43327898	0.37275624
0.6175165	0.39313734
0.48159823	0.27524439
0.59208643	0.3005553
0.5163566	0.3326325
0.486955	0.34467056
0.5063295	0.29196712
0.63537115	0.2480633
0.56333077	0.32869905
0.45403764	0.30920002
0.55519515	0.3113956
0.56207895	0.3164796
0.42533115	0.33844277
0.5533585	0.34255308
0.48575962	0.28686184
0.65829235	0.23193142
0.61085	0.34654734
0.5629414	0.30190134
0.5984583	0.3395684
0.48785543	0.36217722
0.46734026	0.30683658
0.50766635	0.31702992
0.46471182	0.3010976
0.50933343	0.28375202
0.44088188	0.347543
0.42738158	0.33958712
0.9729028	0.27290973
0.41855747	0.3511166
0.59758794	0.2312319
0.5370984	0.37735224
0.42415234	0.35002783
0.46256655	0.3779158
0.5376882	0.34885675
0.35845077	0.43576208
0.41013354	0.36283553
0.5424609	0.30279434
0.36108604	0.41905305
0.5708814	0.30607432
0.53187823	0.41489774
0.32452843	0.46693546
0.3917598	0.38489613
0.544576	0.4245715
0.44490412	0.41471815
0.5255541	0.40393147
0.42837366	0.3484318
0.39367092	0.3769974
0.5349647	0.25971925
0.37340212	0.40858546
0.3749545	0.39162126
0.4364694	0.457179
0.5404811	0.26333234
0.4243762	0.39641112
0.57767755	0.50223005
0.40532842	0.37968475
0.50141186	0.30207297
0.3547761	0.4449747
0.4814513	0.5034968
0.38043052	0.42611825
0.38301182	0.5811384
0.38227972	0.45344958
0.41254413	0.43093032
0.39877808	0.41314295
0.31937513	0.53705513
0.3469585	0.46683645
0.47471753	0.48553485
0.3542708	0.4802645
0.33229768	0.46626863
0.33629557	0.49133092
0.28149542	0.58421886
0.38668293	0.42169803
0.40950298	0.36296505
0.409723	0.46721298
0.29238433	0.50726396
0.33482608	0.47348353
0.34773445	0.48777193
0.34923846	0.5061854
0.5333864	0.23544034
0.28948185	0.51512235
0.35473865	0.50524825
0.31321955	0.5040747
0.373601	0.45975783
0.36305177	0.5710056
0.43698087	0.530543
0.32682985	0.45417175
0.2512394	0.5655281
0.2700046	0.582555
0.3139957	0.58045375
0.24243112	0.58677834
0.3444514	0.5778171
0.31123835	0.5610825
0.311575	0.5668016
0.33221436	0.5726432
0.2727715	0.6296335
0.26998693	0.58078647
0.32770967	0.46381813
0.29491803	0.4986509
0.2622474	0.5880385
0.23818062	0.60498834
0.2434273	0.6397535
0.24198192	0.5864884
0.24177578	0.6865591
0.23317568	0.61268157
0.29612723	0.5925008
0.23632254	0.61759937
0.28517693	0.80262446
0.2572745	0.7141195
0.20925587	0.6521988
0.24936628	0.583539
0.25360256	0.75707257
0.28835076	0.83005387
0.20364168	0.76118094
0.1817564	0.69573677
0.24237648	0.7331836
0.22809853	0.681371
0.20998338	0.65870965
0.172499	0.7346934
0.29019752	0.654554
0.18594246	0.679414
0.19744302	0.6870937
0.1354922	0.8265498
0.2055207	0.7517827
0.17925613	0.7181028
0.15130073	0.9068068
0.14427447	0.9085195
0.16718727	0.7943116
0.1852465	0.71917117
0.17731324	0.8307067
0.16301894	0.73869294
0.11792241	0.7826127
0.18021022	0.91725767
0.16875538	0.7827895
0.11787656	0.91827327
0.15110312	0.75044334
0.14602286	0.8051461
0.1388337	0.8262989
0.13646178	0.78936297
0.13096698	0.79044306
0.12957618	0.8474177
0.13020955	0.7997332
0.18654309	0.8162145
0.23484257	1.0440466
0.095979825	1.0232357
0.10806677	0.9503737
0.102973096	0.8486834
0.037281573	0.93920654
0.06663177	0.9967265
0.102690846	0.84041625
0.24055782	0.7151401
0.042134523	0.99845
0.04967976	0.96013176
0.07648109	0.8639149
0.0477208	0.96627533
0.13167477	0.9044288
0.005611887	1.0454221
0.036346495	0.97012705
0.054939058	0.93583953
0.057010166	0.99870455
0.07224929	1.140847
0.052696355	1.0022855
0.028802272	0.9873266
0.02900727	0.9761644
0.008181937	1.0097661
0.13123854	1.0387737
0.05422367	1.0728059
0.018047048	1.1013103
0.040021136	1.1410861
0.046188578	2.0521975
0.025110696	2.987015
