1.9921281	0.09437431
0.87216616	0.10108336
0.8721584	0.10410034
0.8721584	0.10410034
0.87216616	0.10108336
0.7527448	0.13035001
0.7527448	0.13035001
0.7527448	0.13035001
0.7527448	0.13035001
0.7527448	0.13035001
0.7527448	0.13035001
0.7527448	0.13035001
0.7527448	0.13035001
0.7527448	0.1382285
0.7527448	0.13035001
0.7527448	0.13035001
0.7527448	0.13035001
0.7527448	0.13035001
0.5803045	0.24460544
0.5803045	0.24460544
0.5803045	0.24460544
0.5803045	0.24460544
0.5085364	0.25360265
0.5174421	0.25360265
0.5085364	0.25360265
0.4950627	0.25772268
0.486472	0.26583004
0.4845706	0.26583004
0.4845706	0.26583004
0.4845706	0.26583004
0.4845706	0.26583004
0.46010023	0.29994336
0.46010023	0.29994336
0.46010023	0.29994336
0.4355358	0.32722467
0.4355358	0.32722467
0.4355358	0.32722467
0.42492664	0.33846837
0.42492664	0.33846837
0.42492664	0.33846837
0.41537333	0.34718594
0.41537333	0.34718594
0.38450515	0.38552773
0.38450515	0.38552773
0.38450515	0.38552773
0.36606658	0.40245396
0.36606658	0.40245396
0.36606658	0.40245396
0.3501349	0.4233943
0.3501349	0.4233943
0.3501349	0.4233943
0.3501349	0.4233943
0.3441233	0.44121543
0.3501349	0.4233943
0.30250913	0.48798418
0.30250913	0.48798418
0.30250913	0.48798418
0.30250913	0.48798418
0.29044545	0.5053357
0.2886333	0.5082296
0.28699386	0.5200219
0.28699386	0.5200219
0.26673272	0.54340655
0.26673272	0.54340655
0.24870706	0.5660899
0.24902393	0.56461644
0.24870706	0.5660899
0.24870706	0.5660899
0.24870706	0.5660899
0.22667086	0.59898674
0.22667086	0.59898674
0.20592092	0.63059795
0.20592092	0.63059795
0.20592092	0.63059795
0.19505827	0.6591773
0.19059914	0.6591773
0.19025834	0.66890246
0.17089169	0.7147013
0.17089169	0.7147013
0.15877272	0.7153863
0.15877272	0.7153863
0.14270048	0.7492568
0.14270048	0.7492568
0.14270048	0.7492568
0.12863864	0.7638887
0.103099115	0.80534756
0.12863864	0.7638887
0.103099115	0.80534756
0.103099115	0.80534756
0.103099115	0.80534756
0.08458978	0.8442961
0.08458978	0.8442961
0.06308425	0.8837961
0.06308425	0.8837961
0.052536897	0.90003604
0.04429134	0.91885674
0.04429134	0.91885674
0.024306819	0.9607159
0.008618633	0.9962649
0.008618633	0.9962649
