7.3482876	3.1153824
8.504694	2.357533
8.20411	3.2121577
7.231106	1.5110838
7.530707	1.439223
8.708011	2.1139414
7.0728407	4.6575894
7.308569	0.94031024
7.615826	1.3919203
6.9514127	0.99966997
6.932558	2.427166
8.06715	4.5783424
7.029002	2.61888
6.601499	1.509777
7.8049874	0.78914475
6.879538	0.8877037
7.0213103	0.9975557
8.086691	1.586833
7.4243765	1.5367532
7.9157047	1.6508374
7.48713	0.9049021
8.264809	1.2412138
6.770145	2.2587628
7.204926	1.0046957
6.477504	3.7479377
7.0304055	4.128687
8.371726	7.000686
8.154106	1.9430702
7.810709	4.44018
2.6266065	8.284475
7.3103356	3.336001
7.4414115	3.3042345
7.3910785	0.90112793
7.256606	1.0437844
6.6204166	2.7816966
7.6316133	0.83946747
7.279214	3.355912
6.7536693	4.3259525
7.580396	1.1334774
7.027343	1.9500048
7.3325515	2.7402332
7.2135296	1.0235786
6.9156184	5.108628
7.0726886	4.556108
7.1823363	3.8958054
8.536023	1.4752941
6.8505955	3.5594358
7.6272345	0.9339605
7.9139714	1.4670783
7.6657414	2.0028055
7.562835	4.920335
8.448902	0.8322039
8.056607	5.0138164
7.175019	1.2996753
7.2134137	0.94471353
7.0559034	1.0313581
8.175882	0.7283991
8.663636	1.6191936
7.443292	4.8095345
6.7551813	1.2808806
1.3815372	7.2899346
7.097148	3.4307344
3.8972263	8.304557
7.4342804	2.360533
8.187167	4.1517305
8.162239	1.4115419
7.156651	0.98747665
7.3017845	3.7541714
7.6770153	1.0073805
2.76506	7.5976267
8.711254	2.7730184
7.8560023	1.3016896
6.626533	4.7190557
7.477184	0.92729396
8.124513	3.7658105
8.555628	1.5006945
7.6578913	3.6624022
7.52033	2.6966443
7.292323	3.22713
7.831073	0.8044491
7.23007	1.0609756
6.878058	4.022553
7.6884465	3.9358077
7.6156654	2.365699
7.652409	1.0821447
6.8116426	3.3130567
7.1866918	2.3923836
8.482868	0.9208056
7.7203083	1.3992577
7.5223603	3.8977208
6.924211	1.5307901
7.6775193	1.998991
6.2447205	2.8079224
7.973946	1.6071372
7.415497	3.9043796
8.305428	0.77545875
7.6672077	1.530337
6.904796	3.8740404
8.190973	3.3549712
8.280702	1.1399641
7.4029474	1.0124997
7.6770706	1.3723428
6.8192244	1.089124
7.4748745	1.5266674
7.7245116	0.9200464
9.570708	9.338691
7.187494	3.8811646
7.4337955	4.384077
7.4536405	1.7109337
7.328465	1.8444285
7.4235516	4.314428
7.9197474	4.0168905
7.7683077	1.9904215
6.8698506	1.8264191
7.7820606	2.4900327
6.3926716	3.9716084
7.288888	1.1014311
8.30406	1.2457421
5.9114156	10.871321
7.4731503	3.5694613
7.709421	0.86952424
7.712131	1.3635923
7.6384196	1.1963706
7.5246577	2.5184984
7.3686743	1.5710623
8.267594	1.6082062
7.4836254	2.3996956
7.8456993	0.77014136
7.8621135	4.756119
8.023634	4.2941923
8.217635	4.231066
7.266988	4.075101
7.3216925	2.6479816
7.419414	3.4955716
7.5824766	2.2135615
7.081815	3.7440128
8.142497	0.6931659
8.368014	1.8614192
6.849219	3.444393
7.3929124	2.8079555
7.617496	1.3031192
7.54772	1.4373034
0.6517987	6.4462423
8.215239	3.6038642
8.013019	0.80513346
8.776973	1.1132088
7.4700193	2.046092
7.230456	1.3734503
6.7649612	3.400083
5.8281755	1.274987
7.033413	4.981569
8.263009	3.6687891
7.070778	1.9488733
7.2372713	1.0566313
9.786628	0.2869609
7.602135	1.0582391
7.5683775	0.9575465
7.1311145	2.0508535
10.246316	1.2253499
7.667373	3.2976215
7.3160233	1.5322995
8.804169	0.9713241
7.425293	0.7596907
7.931765	3.9968657
7.5563626	0.76737463
7.45673	4.9725637
7.898795	0.85446465
8.33113	4.4294105
7.936928	2.6148052
8.359552	2.9960334
7.4021397	0.85896456
7.8749533	0.7885476
8.01292	1.0093919
8.733494	3.5874605
10.003321	3.313112
7.3404064	1.1529065
7.62956	1.9120833
7.78135	2.1490269
9.215927	0.5428219
-0.9352462	5.874244
7.74202	2.9763684
7.8173532	0.97004646
8.820116	0.48382795
6.8355174	9.135538
7.978584	4.2672935
6.345756	4.180146
7.537236	2.8109818
8.134483	0.8614805
7.794521	1.1481849
7.053854	4.0471416
8.396167	1.696393
7.491692	2.8935776
7.647899	2.0343118
7.034619	1.1425153
7.4059486	1.2594678
7.6439204	0.9727706
7.681703	1.2265016
7.4190664	4.416158
7.9433126	4.0571733
7.728357	1.0097595
8.479905	3.0791676
7.7900977	1.1083663
6.898852	2.4730806
7.4744816	1.1384691
7.8072796	1.0367811
7.578457	4.550349
6.886843	1.2246568
7.4027557	2.9369578
8.037061	2.0740805
7.953178	1.3272128
7.800303	3.261534
7.384142	3.5521984
7.1570787	1.1944968
7.1203694	3.9379277
7.5620446	4.2564464
7.4290576	3.3779378
7.524798	3.7943623
7.418957	2.5559695
7.0712976	4.476907
8.091429	0.8681158
7.4751635	3.7238092
7.3965244	4.0461597
7.438878	4.2033367
6.08329	4.408008
7.452386	2.8568928
7.5556397	2.9702473
14.3151245	9.950199
7.4001536	3.2583756
7.5614204	1.1928533
4.2833934	4.691147
8.012805	1.6564674
7.780099	1.3480036
7.548851	3.903769
7.754273	3.2172287
9.700849	0.7500131
7.707232	0.9995085
7.444597	0.98971254
7.782332	1.1734718
7.54014	2.6656413
7.846851	1.0764735
7.811194	3.925404
6.7661223	2.683076
7.4915533	4.534949
7.6898417	2.2676854
7.7508016	1.4130564
6.96693	0.9684195
9.433993	0.8205979
7.7762666	1.973198
6.986317	1.017128
6.653904	1.4061396
7.5933914	4.628702
4.79768	2.1886687
7.56912	0.7989417
8.332781	3.8900514
7.0645947	3.543805
2.3098698	9.098423
8.1075	2.9836254
8.334417	2.7391508
8.770572	3.249399
7.8320327	2.4920082
8.175959	3.464116
7.274967	2.5579526
8.2180605	0.9824846
7.311197	3.2601755
6.640453	2.0505776
7.3433156	3.2701898
7.7972584	2.9286313
7.917846	0.86310923
7.1152253	1.0665417
7.4329257	0.9736496
8.409019	1.8119316
7.201868	1.211582
7.6517344	2.3608532
7.3652754	1.1474059
7.6491885	4.0630255
7.754569	4.697769
7.6257753	0.892216
7.6833787	2.6493952
6.8111625	1.0883119
7.5364323	1.0153121
7.0273075	1.0754299
7.7241693	3.594863
7.1642704	1.6339669
7.6627793	1.0440803
7.073309	4.6158705
6.7115636	9.106898
8.1061945	1.6467092
7.5121183	2.170664
7.818349	3.24675
10.210691	0.55020314
7.9754295	2.5024743
6.946011	1.6376408
8.041775	1.2611074
8.544192	2.7818298
4.9585733	8.537337
7.2693086	1.8808413
7.6895413	1.8871881
8.46772	4.4985414
8.26925	0.7921869
7.7916927	1.4252402
8.494568	0.78483206
7.680709	0.86031705
7.3464327	2.1848118
8.160162	2.1124144
7.4036674	3.6590278
7.1955624	4.3302794
7.163494	2.2045546
8.138855	1.350178
8.29406	2.6899343
7.5171747	1.2496154
7.5958195	1.8674362
7.687402	4.253692
0.42267394	3.3322606
7.227376	1.4894549
-0.9489136	10.713314
7.362298	3.4328563
6.19802	6.3633466
7.654804	2.0635111
7.3610373	0.82317936
6.560984	4.2229295
8.282279	0.9550385
6.6220555	2.294135
7.271052	1.0955478
8.344925	3.035406
7.2434845	0.8938173
7.28046	2.0385814
7.732041	1.0999012
7.4472294	4.659241
7.6069636	3.71161
7.865733	4.5969434
1.1868886	7.96149
6.705795	2.2970247
7.3647547	1.6746633
7.414814	2.273114
8.183736	1.1747034
7.4281087	1.0407195
6.7256355	1.4604702
8.571229	2.0880277
7.7341523	4.486391
8.502928	5.1696215
6.8867283	3.6150866
8.279672	3.1554806
7.7626686	1.5129554
7.7167745	4.0558667
6.8282175	3.012998
7.0217986	1.6122954
6.982938	0.99659574
6.9906745	0.95090646
7.2052073	1.0412931
8.60506	4.6178164
6.7308598	1.2694972
8.020056	3.3882184
3.3163643	4.274357
3.1827312	4.659437
7.5798182	3.008607
7.3726273	1.2651918
7.082701	1.5340805
3.2428994	7.224243
7.617345	10.838376
7.273029	1.609627
8.047274	0.74531317
8.511444	0.8940175
7.4661574	2.8550053
7.6480227	0.8826455
7.3059077	2.1728294
6.8174744	2.4626122
7.2860146	0.8447149
6.8953156	1.2671734
7.1833806	1.9247118
7.602028	4.7186565
7.3428383	1.278576
8.529494	3.861627
8.194275	0.81268406
6.496565	1.6049333
6.76825	1.0677828
6.488781	3.296985
8.879941	2.5786119
8.568262	0.72226346
6.847129	3.560213
6.654559	1.0525125
6.7427607	3.042126
7.482827	1.15055
7.997732	3.112835
-1.3476875	7.7063575
7.9285507	3.5416524
7.03499	4.1277328
7.210557	0.923608
7.218266	4.887779
7.660802	4.4365993
7.239741	3.5601704
6.1974196	7.1023955
6.9960814	2.6022608
6.777439	1.815294
7.325492	0.9405527
8.613202	0.84455264
5.6990867	1.0762727
7.701131	3.02154
6.965196	1.7599202
8.63969	1.4256483
7.2351494	0.9961334
6.9001393	3.5151565
7.253236	3.4948037
7.096514	1.6087464
8.289205	1.333288
6.605749	8.392617
7.928008	1.0390347
7.5073195	1.8007346
7.537848	0.9315105
6.6036186	2.0598707
8.558725	1.1557541
7.603507	1.2764504
-1.2750851	6.4538994
6.976591	1.712328
7.4774766	1.8642786
7.1817694	2.029289
8.207004	4.1169786
7.587701	1.2105548
7.6238995	0.85424936
8.328247	0.9907693
6.9921575	2.567413
7.735615	1.7501025
7.9257026	4.110926
7.146284	1.9610052
8.146568	1.1788797
9.763885	2.0031662
7.5568175	0.77899635
7.7267113	2.482139
7.101598	1.3044088
8.106632	3.3840654
7.5777974	0.9070977
7.3950872	1.1535611
8.45967	1.6526184
7.1923704	2.663641
7.6719103	3.822132
6.893724	1.3472738
7.3496823	2.673935
6.7174845	0.8672174
7.204336	1.4629152
7.1540875	4.683776
7.962596	3.798325
7.3316736	1.3315542
8.191575	2.5668263
7.52112	0.84887797
8.158721	4.4499636
6.048666	1.3574985
7.837269	3.2636015
7.7405987	4.956329
7.695874	3.1346164
7.917342	1.3538246
6.9603114	1.4797516
8.007755	3.9378095
8.106756	2.4371157
6.1811986	1.5790441
7.7997684	1.6818231
7.007777	3.0782201
8.252475	3.888363
7.4031944	1.1330088
6.547495	0.9351127
7.7208514	2.5737214
7.3000827	0.8283144
8.456462	16.343546
7.427255	1.1514512
7.1130204	2.49558
7.3589354	2.5418255
6.345502	1.283753
6.507223	1.8603011
7.690025	1.1446142
7.810211	1.6313084
7.620861	0.8854199
1.4531387	9.733405
7.417131	1.5871515
6.9529977	1.3880749
5.996893	2.8579457
8.327167	1.401768
7.679936	2.0660472
7.7608533	2.9467843
8.447392	3.0015168
7.9934354	1.4873643
7.915835	2.2751436
7.584863	0.98927474
6.6051073	1.8243421
7.575291	3.64784
8.61143	0.8763923
7.613431	3.027791
7.287327	4.7019153
7.6012745	4.596632
7.8218937	1.1085973
7.822327	1.6373733
8.744132	2.5271144
6.7453823	1.8672172
7.9038177	1.5281842
7.3557053	1.0103819
7.1358685	3.4467142
3.5938518	12.968995
7.4404774	2.114503
7.525713	4.1231565
6.448996	1.0514623
7.928013	3.335939
7.955712	2.7804658
-0.3960712	6.363648
