7.9421644	1.0527849
8.941403	0.7458075
3.1176598	4.846664
8.614637	0.88903034
7.9873366	1.8413115
13.643686	5.93342
8.495729	0.7806053
7.966492	1.0106387
7.8898478	0.15539467
7.94786	0.9728791
2.1662652	0.0017825824
9.578491	10.4489355
3.954011	5.209277
4.7671413	3.2566843
7.9726954	0.9901349
7.9856653	1.1573322
7.964359	0.9809122
7.9792395	1.0999851
7.409	2.0088398
7.9617667	1.0341833
8.376943	0.82748234
1.2298498	6.2170224
7.9822865	0.99572384
12.11528	4.089366
8.305494	0.8253718
9.033424	2.6082058
7.965822	0.989637
7.9287643	0.95632625
8.622081	0.842221
8.464634	0.79918396
9.035118	5.66831
7.992012	1.3233289
7.9588194	1.4628005
8.248681	0.8088811
8.538123	0.7909287
7.01886	0.5315261
7.996188	0.9992589
8.673748	0.78890157
7.988425	0.994547
16.886045	9.333431
7.265052	1.336171
3.057166	0.35538322
7.935967	1.0200105
7.9976845	1.0009843
1.1590586	7.8189373
5.8014555	0.37674418
2.859488	4.710952
7.9766464	1.0058067
7.9896	0.9969425
2.9880738	4.612693
7.9780374	0.9945339
6.212608	3.1990154
8.002569	0.86169183
8.883943	0.82178396
5.9122715	2.728805
7.9639935	0.98289376
4.691235	8.378695
7.9639845	1.0364195
7.9811873	1.0558542
7.989982	1.3462677
10.60808	2.8349504
8.187809	5.1171446
8.427468	1.3169342
8.341022	0.8346793
5.826624	4.988961
7.832719	1.2087967
7.1608796	3.7281744
12.167404	4.0314035
7.9505672	1.0552502
5.691455	2.1836514
7.9839106	0.9960032
7.9509873	0.99093956
7.994089	1.0259532
7.9495173	0.97642815
7.1406946	1.4207939
8.054743	1.8689277
7.960063	1.0471653
7.97229	4.222746
7.947422	0.97576606
7.9431043	1.1588613
8.467588	1.055244
9.563633	6.7398252
10.58719	3.831665
7.969172	1.3737453
7.9537215	1.432528
1.6736298	6.16358
9.676104	7.6969934
8.469414	0.83987886
10.209703	3.941161
7.9659724	1.0119636
8.631005	0.7652944
10.060303	3.6958752
7.900348	0.9388983
15.30312	7.742272
8.324321	1.7162099
6.1659346	5.2927403
8.64199	1.9436773
7.953499	1.0152138
8.088341	1.0963281
7.9352703	0.9684849
7.9316053	1.0319388
7.9934816	1.3953302
8.397953	0.8184763
7.960028	1.1932498
9.406386	2.637358
16.805138	10.17452
8.638345	0.75785345
9.340305	5.785736
7.917431	0.9775634
12.788314	8.743034
7.924586	0.9601572
7.9901185	1.0402033
10.897232	5.8716936
7.9720783	1.1922323
8.100013	8.783195
10.004929	2.9069054
9.051581	8.688765
13.73971	7.38425
8.399401	0.7845868
7.9558244	1.0224836
7.9891596	1.0005125
11.921383	7.217304
7.928216	0.9598128
8.5793495	0.8431988
9.554322	3.0930593
9.357996	2.6245646
5.4276805	2.301805
13.68202	5.513319
8.437521	0.7847803
7.956569	0.9779665
8.288457	1.3069288
1.5301418	9.31392
7.934095	1.0926502
15.559113	7.076545
7.9902215	1.2633903
2.357473	0.09827628
7.961501	1.1083257
7.9881363	1.2481973
8.040494	0.9047676
8.360961	0.7922242
8.518066	1.1356524
7.63271	1.3872313
7.254334	2.5522804
7.957012	1.0629733
7.9963474	1.0519736
10.612954	7.159768
7.7304335	2.6194863
5.1897326	4.949876
8.369594	2.3888257
11.905698	5.4157696
7.9204473	1.5329299
9.300269	5.5261326
7.9873037	1.1630126
7.992981	0.9974811
9.153968	2.2669463
9.180932	9.314945
7.993205	1.0939829
7.983708	1.4265407
13.83399	5.499209
7.998477	1.1187052
7.9351845	1.0119722
8.506201	1.0790591
8.721615	1.3779097
7.9942575	1.4393991
7.996978	3.2122045
12.146419	4.0348053
7.9628744	1.1723455
7.9867005	1.0327725
7.972497	1.1965404
7.987729	1.8574318
10.608599	7.4779525
9.102058	3.7472818
7.950425	2.893147
8.541509	0.82210875
7.9312553	0.9610554
8.94551	3.776104
7.926593	1.168787
15.398493	7.410115
8.084153	1.0895338
7.9800196	1.0475105
8.641846	1.231779
14.878842	9.293822
7.994247	1.142852
8.376589	0.7903604
7.966271	0.98673403
8.481903	0.8230546
5.977009	5.9987965
6.5470467	5.9859633
7.9672847	1.5485722
2.4399316	4.686386
8.570036	4.066759
2.0715888	6.1659703
5.3797174	2.3585017
8.387897	0.7878386
4.2889705	3.3223567
7.986793	1.539679
7.9848614	1.0389123
8.450079	1.5884821
7.9750953	0.9905581
12.531981	5.9669776
7.9460793	1.1085979
13.8930645	7.2226906
7.5131865	1.4045051
8.506657	2.0231216
8.430008	1.1084503
7.9311314	1.5628862
7.973127	2.3594239
8.471233	2.2504084
8.409508	0.99155265
7.9854574	1.136788
8.472119	0.88527435
7.9962516	1.0960894
7.978092	1.3329235
7.9922442	1.0011793
8.980051	8.437549
7.9574194	1.1078064
1.3845909	7.5641284
11.867798	3.956577
8.719391	0.74209815
7.934485	0.97316587
7.959484	1.4622866
7.9782825	1.4469025
8.076963	1.2672899
7.428728	4.3512397
7.975947	1.0008291
10.628654	2.8501697
7.9337254	1.2905384
7.0470223	1.6495714
8.562648	0.8910884
7.5392504	6.3020296
7.9629726	1.1832476
7.0512743	1.4188147
8.228046	0.916703
7.9528875	1.051784
7.943724	1.0868328
7.920559	2.4032092
8.141148	1.3552593
8.298267	0.8142769
3.2425172	4.574259
7.9263773	0.95632625
7.940678	1.6197344
7.9607644	1.1154723
8.189657	1.9254285
7.98626	1.1019195
7.1076922	4.337923
8.322682	0.806932
5.3845057	4.978243
7.995074	1.1026385
7.972727	1.1612566
8.26805	1.9783839
7.9741993	1.1750435
7.96701	1.1186695
7.9601192	1.2719517
7.8007946	7.6583977
7.94169	0.9733342
7.992277	1.2543977
8.401285	1.2884728
7.965739	1.3491702
7.9125404	0.95413864
8.232687	3.141149
8.403446	0.78501296
12.4306755	6.159736
2.6570146	4.6347265
0.38335907	8.545901
6.0455594	2.4633536
7.9302244	1.723182
7.936101	0.9728193
10.601574	2.780952
10.314059	2.7087314
7.9836903	1.5928454
2.7867284	6.353141
7.9649396	1.0122787
8.258593	1.5897874
17.430607	9.659425
7.9258475	1.3162899
7.9431934	1.3882118
11.127896	4.25101
7.987219	0.99727637
5.172168	4.3701677
7.980536	0.9973822
8.291865	0.91259277
7.1835275	2.5138366
7.9944725	1.7501829
7.941323	1.0464163
8.599758	0.78462166
11.3484	5.560367
10.6405525	2.866643
8.007728	1.3962264
6.4063306	7.5421934
13.4014435	5.554539
7.947649	1.2390821
7.9971805	1.031224
7.9736524	1.2450175
7.953597	1.8650863
7.9578195	0.97607154
8.067354	0.8524303
7.993577	1.1891465
14.602165	8.522605
5.7554054	12.295612
5.404961	2.3282483
14.309866	9.450774
7.9630165	1.2179084
7.9431868	1.0373658
7.952098	3.8348072
0.22885478	8.054641
8.329173	2.5025547
8.632283	1.5719103
7.9774947	1.1290427
7.988452	1.1200871
8.262827	0.8106197
7.9449053	1.4673539
7.931977	0.9767141
13.8434305	5.5766573
10.759321	8.1088295
7.9343853	1.0512509
7.970409	3.3092108
3.939307	6.0155263
0.13760054	8.530189
7.588219	5.6282854
9.002747	0.33579573
7.0433974	3.1395454
10.691875	5.2029834
4.496523	6.0789814
7.93601	1.04331
8.468841	0.97963595
8.827948	1.9366982
7.9965334	1.0937212
8.3761635	0.8427017
9.082958	1.7332513
8.397708	1.797233
7.9856734	1.1573322
0.21666062	8.097375
2.7152743	9.536167
7.9371266	0.98399913
6.2013655	2.213928
3.9884684	7.3559003
7.9054117	1.2275262
7.972017	1.0157139
8.144999	1.0499974
7.9836397	1.0306691
8.5121975	1.2935708
7.949066	0.9710768
7.1624746	2.0798736
7.936673	1.0113266
8.443639	0.9012944
2.3022974	6.4233966
12.523581	9.402871
7.040414	1.4244093
8.078791	2.1561618
0.0807302	8.0071125
7.126968	2.3957586
7.990911	1.2378848
8.084612	1.1370465
7.948754	0.9727087
8.349872	0.818682
8.340031	0.9363368
7.9635954	2.8433974
7.9628773	1.4904993
7.9955206	1.7853255
7.943224	0.968223
8.465924	0.8029624
8.420589	0.78509283
7.2681518	1.5323839
8.082645	1.3343297
13.817831	5.827855
8.364256	1.5629218
12.678274	8.5358
8.252097	0.82625437
2.6087542	8.4201975
8.429053	1.0513339
7.991097	0.99754775
11.99628	4.119495
8.712275	2.0551343
8.377466	0.7937351
5.6243105	9.102071
7.9885316	1.5122092
7.902418	2.7458231
7.9914017	1.1433432
8.062742	4.1178393
13.538765	7.557972
7.416232	12.764599
7.939489	1.0710458
7.9545074	4.6093855
7.936002	1.2747754
8.387298	0.91342324
4.0300903	3.5193665
3.8825264	3.4426656
7.9905233	1.2318523
7.9419794	0.9798002
7.931574	1.0348407
7.9849825	1.0519525
5.868011	4.520668
6.261958	2.1627893
8.509487	1.321033
7.9340663	0.961727
7.1857176	7.210492
7.934356	1.1302578
8.322573	0.7972918
8.479603	0.7768506
5.231604	5.0063477
7.9690757	1.0905576
7.9158487	0.95029587
8.928522	12.985636
8.364404	3.6349335
8.190987	0.82815844
7.976481	1.1718796
7.983041	2.0615606
8.032316	0.89860135
5.5168514	2.2165666
9.30509	11.144746
8.593581	1.282571
7.9589787	0.9917412
3.2018404	7.9651165
7.930358	1.0394306
7.908559	0.94435436
7.995233	1.1692127
10.496503	5.1183996
7.7241473	1.9774082
7.9905133	1.3472207
4.676081	3.325574
7.9396615	1.0512114
6.144311	3.8038924
7.954537	1.7399247
8.0324	0.86319596
17.310234	9.7991495
1.4601227	8.240122
8.087486	2.6928744
7.9293246	1.0768429
7.9778595	1.0165272
7.9735894	1.1249202
7.996233	1.1404923
7.9744625	3.5059085
8.036379	1.0933112
8.044325	1.9780451
0.30323803	8.118487
8.406767	1.6248789
16.22385	11.996693
11.058598	9.202083
3.8663852	3.6303458
8.283599	0.94497514
8.494997	0.8677498
10.550116	2.9188435
8.396411	0.79896224
7.9935403	1.0142325
8.32435	0.81329453
7.9947624	1.3544469
7.9522724	0.99441457
7.992386	1.2493292
6.58282	2.4553328
2.5480323	4.6648374
7.98245	1.1767335
8.522848	0.9066825
7.4059505	1.4971956
7.669301	3.135271
13.249775	5.825347
7.981496	1.0064479
7.9725857	0.9979786
7.9876738	1.3762813
5.7321467	2.187356
8.447113	3.8498125
7.989928	1.3136079
8.423687	0.81021035
12.545391	7.0127745
5.1279993	8.447067
8.709895	1.671688
7.9561596	1.0247495
8.3589735	0.8026506
7.983255	1.0106837
9.850567	2.773544
7.9926653	1.0016395
4.514029	3.5454822
7.9342146	1.4527572
4.564901	3.3079672
7.9276986	1.0034804
7.9693465	0.9901349
7.9889297	1.1732767
2.9773254	1.3404415
7.962292	1.7725153
7.9963174	1.1016407
7.9229035	1.1102201
7.99341	2.310963
8.792327	1.9221195
3.8767276	3.4906125
7.963393	1.0020401
8.628011	1.1736429
7.9458833	0.98384607
7.93454	2.2847376
1.22125	6.892706
8.759717	0.73174095
8.36118	1.0453836
7.923899	0.9712544
7.970165	1.0692321
1.7512717	0.9322967
9.873247	2.6630275
7.957937	1.38703
7.983305	1.1683929
9.08796	5.810579
7.9426026	1.1030788
7.9844756	2.7707338
