9.969165	10.945257
9.969165	10.945257
9.969165	10.945257
9.969165	10.945257
9.969165	10.945257
9.969165	10.945257
9.969165	10.945257
9.969165	10.945257
9.969165	10.945257
9.936199	19.21633
9.969165	10.945257
9.969165	10.945257
9.969165	10.945257
9.969165	10.945257
9.969165	10.945257
9.969165	10.945257
9.969165	10.945257
9.969165	10.945257
9.969165	10.945257
9.969165	10.945257
9.969165	10.945257
9.969165	10.945257
9.969165	10.945257
9.969165	10.945257
9.969165	10.945257
9.969165	10.945257
9.969165	10.945257
9.969165	10.945257
9.969165	10.945257
9.969165	10.945257
9.969165	10.945257
9.969165	10.945257
9.969165	10.945257
9.969165	10.945257
9.969165	10.945257
9.969165	10.945257
9.969165	10.945257
9.969165	10.945257
9.969165	10.945257
9.969165	10.945257
9.969165	10.945257
9.969165	10.945257
9.969165	10.945257
9.969165	10.945257
9.969165	10.945257
9.969165	10.945257
9.969165	10.945257
9.969165	10.945257
9.969165	10.945257
9.969165	10.945257
9.969165	10.945257
6.851837	16.026407
9.969165	10.945257
8.617027	17.666567
9.969165	10.945257
9.969165	10.945257
9.969165	10.945257
9.969165	10.945257
9.969165	10.945257
9.969165	10.945257
9.969165	10.945257
9.969165	10.945257
9.969165	10.945257
9.969165	10.945257
9.969165	10.945257
9.969165	10.945257
9.969165	10.945257
9.969165	10.945257
9.969165	10.945257
8.006198	8.948241
8.006198	8.948241
8.006198	8.948241
8.006198	8.948241
9.969165	10.945257
9.969165	10.945257
9.969165	10.945257
9.969165	10.945257
9.969165	10.945257
9.969165	10.945257
9.969165	10.945257
9.969165	10.945257
9.969165	10.945257
9.969165	10.945257
9.969165	10.945257
9.969165	10.945257
4.0777807	10.918643
9.969165	10.945257
9.969165	10.945257
9.969165	10.945257
9.969165	10.945257
3.8486323	10.911467
9.969165	10.945257
9.969165	10.945257
9.969165	10.945257
9.969165	10.945257
9.969165	10.945257
9.969165	10.945257
9.969165	10.945257
9.969165	10.945257
9.969165	10.945257
9.969165	10.945257
9.969165	10.945257
9.969165	10.945257
9.969165	10.945257
9.969165	10.945257
9.969165	10.945257
9.969165	10.945257
9.969165	10.945257
9.969165	10.945257
9.969165	10.945257
9.969165	10.945257
9.969165	10.945257
9.969165	10.945257
9.969165	10.945257
9.969165	10.945257
9.969165	10.945257
9.969165	10.945257
9.969165	10.945257
11.067839	20.580397
9.969165	10.945257
9.969165	10.945257
9.969165	10.945257
9.969165	10.945257
9.969165	10.945257
9.969165	10.945257
9.969165	10.945257
9.969165	10.945257
9.969165	10.945257
9.969165	10.945257
9.969165	10.945257
9.969165	10.945257
9.969165	10.945257
9.969165	10.945257
9.969165	10.945257
9.969165	10.945257
9.969165	10.945257
9.969165	10.945257
2.4253817	11.77481
9.969165	10.945257
9.969165	10.945257
9.969165	10.945257
9.969165	10.945257
9.969165	10.945257
8.006198	8.948241
8.006198	8.948241
8.006198	8.948241
8.006198	8.948241
8.006198	8.948241
8.006198	8.948241
8.006198	8.948241
8.006198	8.948241
8.006198	8.948241
8.006198	8.948241
8.006198	8.948241
8.006198	8.948241
8.006198	8.948241
8.006198	8.948241
8.006198	8.948241
8.006198	8.948241
8.006198	8.948241
8.006198	8.948241
8.006198	8.948241
8.006198	8.948241
8.006198	8.948241
8.006198	8.948241
8.006198	8.948241
8.006198	8.948241
8.006198	8.948241
8.006198	8.948241
8.006198	8.948241
8.006198	8.948241
8.006198	8.948241
8.006198	8.948241
8.006198	8.948241
8.006198	8.948241
8.006198	8.948241
11.847488	12.821833
11.847488	12.821833
10.73216	11.721775
10.73216	11.721775
10.73216	11.721775
10.73216	11.721775
10.73216	11.721775
10.73216	11.721775
8.467481	9.265939
8.467481	9.265939
8.467481	9.265939
8.467481	9.265939
8.467481	9.265939
8.467481	9.265939
8.467481	9.265939
8.467481	9.265939
6.7031865	17.673927
8.467481	9.265939
8.467481	9.265939
8.467481	9.265939
11.847488	12.821833
8.467481	9.265939
8.467481	9.265939
8.467481	9.265939
8.467481	9.265939
8.467481	9.265939
8.467481	9.265939
10.73216	11.721775
10.73216	11.721775
10.73216	11.721775
10.73216	11.721775
10.73216	11.721775
11.847488	12.821833
11.847488	12.821833
8.96945	16.373121
11.847488	12.821833
11.847488	12.821833
11.847488	12.821833
11.847488	12.821833
11.847488	12.821833
11.847488	12.821833
11.847488	12.821833
11.847488	12.821833
11.847488	12.821833
11.847488	12.821833
11.847488	12.821833
11.847488	12.821833
11.847488	12.821833
11.847488	12.821833
11.847488	12.821833
11.847488	12.821833
8.964336	16.208525
11.847488	12.821833
11.847488	12.821833
11.847488	12.821833
11.847488	12.821833
10.73216	11.721775
10.73216	11.721775
10.73216	11.721775
10.73216	11.721775
10.73216	11.721775
10.73216	11.721775
10.73216	11.721775
10.73216	11.721775
10.73216	11.721775
10.73216	11.721775
10.73216	11.721775
10.73216	11.721775
10.73216	11.721775
10.73216	11.721775
10.73216	11.721775
10.73216	11.721775
10.73216	11.721775
10.73216	11.721775
10.73216	11.721775
10.73216	11.721775
10.73216	11.721775
10.73216	11.721775
10.73216	11.721775
10.73216	11.721775
10.281975	19.19636
10.73216	11.721775
10.73216	11.721775
10.73216	11.721775
10.73216	11.721775
10.73216	11.721775
11.856457	12.468003
11.856457	12.468003
11.856457	12.468003
11.856457	12.468003
11.856457	12.468003
11.856457	12.468003
11.856457	12.468003
11.856457	12.468003
11.856457	12.468003
11.856457	12.468003
10.73216	11.721775
11.856457	12.468003
5.172037	12.562716
11.856457	12.468003
11.856457	12.468003
11.856457	12.468003
7.4528074	16.51722
11.856457	12.468003
11.856457	12.468003
11.856457	12.468003
11.856457	12.468003
11.856457	12.468003
11.856457	12.468003
11.856457	12.468003
11.856457	12.468003
11.856457	12.468003
11.856457	12.468003
10.73216	11.721775
11.847488	12.821833
11.847488	12.821833
11.847488	12.821833
11.847488	12.821833
16.251757	25.438383
11.847488	12.821833
11.847488	12.821833
11.847488	12.821833
11.847488	12.821833
11.847488	12.821833
11.847488	12.821833
11.847488	12.821833
11.847488	12.821833
11.847488	12.821833
11.847488	12.821833
11.847488	12.821833
11.847488	12.821833
11.847488	12.821833
10.73216	11.721775
11.847488	12.821833
-0.70890635	7.8605113
11.847488	12.821833
11.847488	12.821833
11.847488	12.821833
11.847488	12.821833
11.847488	12.821833
11.847488	12.821833
8.209662	9.132001
8.209662	9.132001
8.209662	9.132001
11.847488	12.821833
8.209662	9.132001
8.209662	9.132001
8.209662	9.132001
11.847488	12.821833
10.73216	11.721775
10.73216	11.721775
10.73216	11.721775
10.73216	11.721775
-0.8024839	6.100423
11.847488	12.821833
7.5705338	16.73465
11.847488	12.821833
11.847488	12.821833
11.847488	12.821833
11.207794	12.167865
11.207794	12.167865
13.805457	21.416
11.207794	12.167865
11.207794	12.167865
11.207794	12.167865
11.207794	12.167865
11.207794	12.167865
10.896321	20.570301
11.207794	12.167865
11.207794	12.167865
11.207794	12.167865
11.207794	12.167865
11.847488	12.821833
11.847488	12.821833
11.207794	12.167865
11.207794	12.167865
11.207794	12.167865
11.207794	12.167865
11.207794	12.167865
11.207794	12.167865
11.847488	12.821833
11.207794	12.167865
11.847488	12.821833
11.847488	12.821833
11.847488	12.821833
8.160337	8.885125
8.160337	8.885125
8.160337	8.885125
8.160337	8.885125
8.160337	8.885125
11.207794	12.167865
11.847488	12.821833
11.207794	12.167865
11.207794	12.167865
11.207794	12.167865
11.207794	12.167865
11.207794	12.167865
11.207794	12.167865
11.207794	12.167865
8.209662	9.132001
8.209662	9.132001
8.209662	9.132001
11.207794	12.167865
11.207794	12.167865
11.207794	12.167865
11.207794	12.167865
11.207794	12.167865
11.207794	12.167865
11.207794	12.167865
8.209662	9.132001
8.209662	9.132001
11.207794	12.167865
11.207794	12.167865
11.207794	12.167865
11.207794	12.167865
11.207794	12.167865
11.847488	12.821833
11.207794	12.167865
11.207794	12.167865
11.207794	12.167865
11.207794	12.167865
11.207794	12.167865
11.207794	12.167865
11.207794	12.167865
11.207794	12.167865
11.207794	12.167865
11.207794	12.167865
11.207794	12.167865
11.207794	12.167865
11.207794	12.167865
11.207794	12.167865
11.207794	12.167865
11.847488	12.821833
11.847488	12.821833
11.847488	12.821833
11.847488	12.821833
11.847488	12.821833
11.847488	12.821833
11.847488	12.821833
11.847488	12.821833
11.847488	12.821833
11.847488	12.821833
11.847488	12.821833
11.847488	12.821833
11.847488	12.821833
11.847488	12.821833
11.847488	12.821833
11.847488	12.821833
9.741849	10.657986
11.847488	12.821833
11.847488	12.821833
11.847488	12.821833
11.847488	12.821833
11.847488	12.821833
11.847488	12.821833
11.847488	12.821833
11.847488	12.821833
11.847488	12.821833
11.847488	12.821833
11.847488	12.821833
11.847488	12.821833
11.847488	12.821833
11.847488	12.821833
11.847488	12.821833
11.847488	12.821833
11.847488	12.821833
11.847488	12.821833
11.847488	12.821833
8.209662	9.132001
8.209662	9.132001
8.209662	9.132001
8.209662	9.132001
8.209662	9.132001
8.209662	9.132001
8.209662	9.132001
8.209662	9.132001
8.209662	9.132001
8.209662	9.132001
8.209662	9.132001
8.209662	9.132001
8.209662	9.132001
6.64815	11.948776
8.209662	9.132001
8.209662	9.132001
8.209662	9.132001
8.209662	9.132001
8.209662	9.132001
8.209662	9.132001
8.209662	9.132001
11.847488	12.821833
11.847488	12.821833
11.847488	12.821833
11.847488	12.821833
11.847488	12.821833
10.905364	11.609005
10.905364	11.609005
10.905364	11.609005
11.32196	12.011775
11.32196	12.011775
11.32196	12.011775
11.276096	12.206007
11.276096	12.206007
11.276096	12.206007
11.276096	12.206007
6.0600934	11.353526
11.276096	12.206007
11.276096	12.206007
11.276096	12.206007
11.276096	12.206007
11.276096	12.206007
11.276096	12.206007
11.276096	12.206007
8.33629	8.997674
8.33629	8.997674
8.33629	8.997674
8.33629	8.997674
8.33629	8.997674
11.276096	12.206007
11.276096	12.206007
2.4688182	9.783657
11.276096	12.206007
8.33629	8.997674
11.276096	12.206007
8.33629	8.997674
10.905364	11.609005
10.905364	11.609005
10.905364	11.609005
8.292447	9.166103
8.292447	9.166103
8.292447	9.166103
11.276096	12.206007
11.276096	12.206007
11.276096	12.206007
11.276096	12.206007
11.276096	12.206007
11.276096	12.206007
11.276096	12.206007
11.276096	12.206007
11.276096	12.206007
8.300037	9.000883
11.276096	12.206007
8.300037	9.000883
11.276096	12.206007
11.276096	12.206007
11.276096	12.206007
11.276096	12.206007
11.276096	12.206007
11.276096	12.206007
11.276096	12.206007
11.276096	12.206007
11.276096	12.206007
11.276096	12.206007
11.276096	12.206007
11.276096	12.206007
11.276096	12.206007
11.276096	12.206007
11.276096	12.206007
11.276096	12.206007
11.276096	12.206007
11.276096	12.206007
11.276096	12.206007
11.276096	12.206007
11.276096	12.206007
11.276096	12.206007
1.7998512	8.493537
11.276096	12.206007
11.276096	12.206007
11.276096	12.206007
11.276096	12.206007
8.209662	9.132001
11.276096	12.206007
11.276096	12.206007
11.276096	12.206007
11.276096	12.206007
11.276096	12.206007
11.276096	12.206007
11.276096	12.206007
11.276096	12.206007
11.276096	12.206007
11.276096	12.206007
11.276096	12.206007
11.276096	12.206007
11.276096	12.206007
11.276096	12.206007
8.300037	9.000883
8.300037	9.000883
8.300037	9.000883
8.300037	9.000883
8.300037	9.000883
8.300037	9.000883
10.93939	20.767767
8.300037	9.000883
8.300037	9.000883
8.300037	9.000883
8.300037	9.000883
8.300037	9.000883
8.300037	9.000883
8.300037	9.000883
8.300037	9.000883
8.300037	9.000883
8.300037	9.000883
8.300037	9.000883
10.044028	13.761521
8.300037	9.000883
8.300037	9.000883
8.300037	9.000883
11.276096	12.206007
8.300037	9.000883
7.5871553	17.041107
8.300037	9.000883
8.300037	9.000883
8.300037	9.000883
11.276096	12.206007
11.276096	12.206007
11.276096	12.206007
11.276096	12.206007
6.3318567	11.735798
11.276096	12.206007
1.3492867	6.556175
11.276096	12.206007
11.276096	12.206007
11.276096	12.206007
11.276096	12.206007
11.276096	12.206007
11.276096	12.206007
11.276096	12.206007
11.276096	12.206007
11.276096	12.206007
8.300037	9.000883
8.300037	9.000883
8.300037	9.000883
8.300037	9.000883
8.300037	9.000883
8.209662	9.132001
8.209662	9.132001
8.209662	9.132001
8.209662	9.132001
8.209662	9.132001
8.209662	9.132001
8.33629	8.997674
8.33629	8.997674
8.33629	8.997674
8.33629	8.997674
8.300037	9.000883
8.300037	9.000883
8.300037	9.000883
8.300037	9.000883
8.300037	9.000883
8.300037	9.000883
8.209662	9.132001
8.209662	9.132001
8.209662	9.132001
4.650537	15.488035
8.209662	9.132001
8.209662	9.132001
8.209662	9.132001
8.209662	9.132001
8.209662	9.132001
8.209662	9.132001
8.209662	9.132001
8.209662	9.132001
8.380089	9.128664
8.380089	9.128664
8.380089	9.128664
8.380089	9.128664
8.380089	9.128664
8.380089	9.128664
8.380089	9.128664
8.380089	9.128664
8.380089	9.128664
8.380089	9.128664
8.380089	9.128664
8.380089	9.128664
8.380089	9.128664
8.380089	9.128664
8.300037	9.000883
8.300037	9.000883
8.300037	9.000883
8.300037	9.000883
8.300037	9.000883
8.300037	9.000883
8.300037	9.000883
8.300037	9.000883
8.300037	9.000883
8.300037	9.000883
8.300037	9.000883
8.300037	9.000883
8.300037	9.000883
8.300037	9.000883
8.300037	9.000883
8.380089	9.128664
8.380089	9.128664
8.380089	9.128664
8.380089	9.128664
8.380089	9.128664
8.380089	9.128664
8.380089	9.128664
8.380089	9.128664
8.380089	9.128664
8.380089	9.128664
8.380089	9.128664
8.380089	9.128664
8.380089	9.128664
8.380089	9.128664
8.380089	9.128664
8.380089	9.128664
8.380089	9.128664
8.380089	9.128664
8.380089	9.128664
8.380089	9.128664
8.380089	9.128664
8.380089	9.128664
8.380089	9.128664
8.380089	9.128664
8.380089	9.128664
8.380089	9.128664
6.4542027	12.0431595
8.380089	9.128664
8.380089	9.128664
8.209662	9.132001
8.209662	9.132001
8.209662	9.132001
8.209662	9.132001
8.209662	9.132001
8.209662	9.132001
8.209662	9.132001
8.209662	9.132001
8.209662	9.132001
4.499514	13.285746
8.209662	9.132001
8.300037	9.000883
8.300037	9.000883
8.300037	9.000883
8.300037	9.000883
8.300037	9.000883
8.300037	9.000883
8.300037	9.000883
8.300037	9.000883
8.300037	9.000883
8.300037	9.000883
8.300037	9.000883
8.300037	9.000883
8.300037	9.000883
8.300037	9.000883
8.300037	9.000883
8.300037	9.000883
8.300037	9.000883
8.300037	9.000883
8.300037	9.000883
8.300037	9.000883
8.300037	9.000883
8.995106	16.348255
8.300037	9.000883
8.209662	9.132001
8.209662	9.132001
8.209662	9.132001
8.209662	9.132001
8.209662	9.132001
8.209662	9.132001
8.209662	9.132001
8.209662	9.132001
8.209662	9.132001
8.209662	9.132001
8.209662	9.132001
8.209662	9.132001
8.209662	9.132001
8.209662	9.132001
8.209662	9.132001
8.209662	9.132001
10.522692	11.469153
10.522692	11.469153
10.522692	11.469153
10.522692	11.469153
1.302847	8.057291
10.522692	11.469153
10.522692	11.469153
10.522692	11.469153
10.522692	11.469153
10.522692	11.469153
10.522692	11.469153
10.522692	11.469153
10.522692	11.469153
10.522692	11.469153
10.522692	11.469153
10.522692	11.469153
10.522692	11.469153
10.522692	11.469153
10.522692	11.469153
10.522692	11.469153
8.026742	8.658635
8.026742	8.658635
8.026742	8.658635
-1.7756112	9.0638685
8.026742	8.658635
7.587616	14.864162
8.026742	8.658635
8.026742	8.658635
8.026742	8.658635
10.522692	11.469153
3.872219	10.943121
10.522692	11.469153
8.026742	8.658635
8.300037	9.000883
8.300037	9.000883
8.300037	9.000883
8.300037	9.000883
8.300037	9.000883
8.300037	9.000883
8.026742	8.658635
8.026742	8.658635
8.026742	8.658635
8.026742	8.658635
8.026742	8.658635
8.026742	8.658635
8.026742	8.658635
8.026742	8.658635
8.026742	8.658635
8.026742	8.658635
8.026742	8.658635
8.026742	8.658635
8.026742	8.658635
8.026742	8.658635
8.026742	8.658635
8.026742	8.658635
8.026742	8.658635
8.026742	8.658635
8.026742	8.658635
8.300037	9.000883
8.300037	9.000883
8.300037	9.000883
8.300037	9.000883
8.300037	9.000883
4.3320603	13.415382
8.300037	9.000883
8.300037	9.000883
8.300037	9.000883
8.300037	9.000883
8.300037	9.000883
8.300037	9.000883
8.300037	9.000883
8.300037	9.000883
8.300037	9.000883
8.300037	9.000883
8.300037	9.000883
8.300037	9.000883
8.300037	9.000883
8.300037	9.000883
8.300037	9.000883
8.300037	9.000883
8.300037	9.000883
3.501443	12.328218
8.300037	9.000883
8.300037	9.000883
8.300037	9.000883
8.300037	9.000883
8.300037	9.000883
8.300037	9.000883
8.300037	9.000883
8.300037	9.000883
8.300037	9.000883
8.300037	9.000883
11.705997	20.715118
8.300037	9.000883
8.300037	9.000883
10.522692	11.469153
6.396776	17.322075
10.522692	11.469153
10.522692	11.469153
10.522692	11.469153
10.522692	11.469153
10.522692	11.469153
10.522692	11.469153
10.522692	11.469153
10.522692	11.469153
10.522692	11.469153
10.522692	11.469153
10.522692	11.469153
10.522692	11.469153
10.522692	11.469153
10.522692	11.469153
10.522692	11.469153
10.522692	11.469153
10.522692	11.469153
10.522692	11.469153
10.522692	11.469153
10.522692	11.469153
10.522692	11.469153
10.522692	11.469153
10.522692	11.469153
10.522692	11.469153
10.522692	11.469153
10.522692	11.469153
10.522692	11.469153
10.522692	11.469153
10.522692	11.469153
10.522692	11.469153
10.522692	11.469153
10.522692	11.469153
10.522692	11.469153
10.522692	11.469153
10.522692	11.469153
10.522692	11.469153
10.522692	11.469153
10.522692	11.469153
10.522692	11.469153
10.522692	11.469153
10.522692	11.469153
10.522692	11.469153
10.522692	11.469153
10.522692	11.469153
10.522692	11.469153
10.522692	11.469153
10.522692	11.469153
10.522692	11.469153
2.0334811	10.769785
10.522692	11.469153
10.522692	11.469153
10.522692	11.469153
10.522692	11.469153
10.522692	11.469153
10.522692	11.469153
10.522692	11.469153
10.522692	11.469153
10.522692	11.469153
10.522692	11.469153
10.522692	11.469153
10.522692	11.469153
10.522692	11.469153
10.345421	20.00243
10.522692	11.469153
10.522692	11.469153
10.522692	11.469153
10.522692	11.469153
10.522692	11.469153
10.522692	11.469153
10.522692	11.469153
10.522692	11.469153
10.522692	11.469153
8.614114	9.321457
8.614114	9.321457
8.614114	9.321457
8.614114	9.321457
8.614114	9.321457
8.614114	9.321457
8.614114	9.321457
8.614114	9.321457
8.614114	9.321457
8.614114	9.321457
8.614114	9.321457
8.614114	9.321457
8.614114	9.321457
8.614114	9.321457
8.614114	9.321457
8.614114	9.321457
8.614114	9.321457
8.614114	9.321457
8.614114	9.321457
8.387851	9.02857
8.387851	9.02857
8.614114	9.321457
8.614114	9.321457
8.614114	9.321457
8.614114	9.321457
7.5730653	17.107433
7.5439005	14.822847
8.614114	9.321457
8.614114	9.321457
8.614114	9.321457
8.614114	9.321457
8.614114	9.321457
8.387851	9.02857
8.387851	9.02857
8.387851	9.02857
8.387851	9.02857
8.387851	9.02857
8.387851	9.02857
8.387851	9.02857
8.387851	9.02857
8.387851	9.02857
8.387851	9.02857
8.387851	9.02857
8.387851	9.02857
8.387851	9.02857
8.387851	9.02857
8.387851	9.02857
8.387851	9.02857
8.387851	9.02857
8.387851	9.02857
8.387851	9.02857
8.387851	9.02857
8.387851	9.02857
8.387851	9.02857
8.387851	9.02857
8.387851	9.02857
8.387851	9.02857
8.387851	9.02857
8.387851	9.02857
8.387851	9.02857
8.387851	9.02857
8.387851	9.02857
8.24921	9.106804
8.24921	9.106804
8.24921	9.106804
8.24921	9.106804
8.24921	9.106804
4.1199102	9.483925
8.24921	9.106804
8.24921	9.106804
8.387851	9.02857
7.8273497	8.482072
-1.3902206	9.239504
8.387851	9.02857
7.8273497	8.482072
-0.37329972	6.408176
8.24921	9.106804
8.24921	9.106804
8.24921	9.106804
8.24921	9.106804
8.24921	9.106804
8.24921	9.106804
7.8273497	8.482072
8.24921	9.106804
8.24921	9.106804
8.24921	9.106804
