7.999515	0.9998666
7.999939	1.0031438
7.999818	0.9998973
7.999358	0.99986386
7.9994607	1.001747
7.9978423	0.9993809
6.804876	5.0289974
7.9990444	1.0040617
7.997631	0.99880695
7.9997873	1.0006486
8.533721	5.0998297
7.9996967	0.9999468
7.9994636	1.0045586
7.999781	1.0011226
7.9999695	0.9999852
7.9997516	1.0001254
6.5825844	3.6238523
2.4030654	6.0957456
7.999486	1.0013452
9.046884	1.7223662
11.293494	7.5362062
7.9996443	1.0026284
7.2430544	1.316766
7.999595	0.9997874
8.347173	1.9542323
7.999551	0.9999189
7.999434	0.9998678
7.999729	1.0000453
7.99793	1.0002129
7.9997606	1.0022715
7.9998374	1.0004784
7.999743	0.99987346
4.2854295	7.724727
7.999668	1.005336
2.6757858	0.17730099
11.838516	6.8984513
15.630326	7.1526084
7.9995465	1.0069388
0.7124857	8.157822
7.9995813	0.9997636
7.99902	0.99980694
7.999851	1.0004863
7.999872	0.99998665
7.999757	1.002724
5.5109606	2.321298
7.999985	1.0000001
7.9995584	1.0001227
1.1138337	7.900172
7.9996996	1.001856
4.240926	7.7160025
7.9976463	0.99892056
7.9999986	1.003299
4.784864	6.084254
7.9999137	1.1001476
4.2589245	3.4709942
4.214343	5.9943433
7.9996905	1.0018274
7.9999094	1.0015508
5.383769	2.2630718
9.256101	1.7870209
7.9998064	1.0323461
6.43939	3.1268086
8.01023	1.0808423
7.9999948	1.0050279
5.5393395	4.966048
7.9753532	7.5807962
7.9997573	1.2101395
7.99982	1.3841877
7.9993887	1.3658339
6.7273884	3.6303844
13.756724	6.924209
12.019731	5.2580547
7.9997606	1.1263129
7.9999924	1.1746316
7.999661	1.0550485
7.9999676	1.0012254
7.9999294	1.4961245
7.999932	1.0010335
2.4244368	4.713509
7.999863	1.493757
7.899888	5.4204645
9.800161	3.7832866
12.263981	7.4643955
7.999708	1.0079644
7.9998026	1.0185056
13.8435135	5.4610744
7.9998713	1.0050033
7.999511	1.1645149
7.9996634	1.0488691
7.999742	1.0017507
0.49977398	8.138859
7.9988036	1.0011263
7.9970436	0.99987584
7.99979	1.003198
7.9995704	1.111604
7.999956	1.0857959
15.395507	7.047363
7.9997873	1.1359689
5.9370365	3.1554425
7.9998846	1.0486109
7.9997907	1.2974482
10.003181	3.8360481
7.9999	1.000837
7.9997883	1.5829337
7.9999228	1.0115507
12.126449	5.2857714
7.9999495	1.2503487
7.757614	1.6504613
13.776535	5.41858
7.9997597	1.0014642
7.999887	1.1937785
2.5323372	4.65795
7.9997134	1.000245
7.9992766	0.99964476
7.9999576	1.0124915
9.820814	4.2867703
7.999733	0.9999658
7.9995904	1.0041504
9.253362	2.7131605
7.9999237	1.4293941
8.091692	2.1924644
7.999609	2.541685
7.9998293	1.709777
13.275427	5.5869064
7.9998016	1.0007222
10.017576	3.7949128
7.9990845	1.0022882
7.3842916	7.610946
7.9996853	1.000178
7.999512	1.0063562
7.99927	1.0188838
9.837894	2.7301617
7.9993343	1.8887849
7.084372	6.653414
15.082329	7.01103
7.9997873	1.0056784
6.780567	4.380736
7.999136	1.001331
6.4211903	2.3019383
7.9998255	1.0997291
8.994494	7.7643027
7.9996815	1.8754297
6.278575	3.1357915
7.8436813	2.0387125
7.997481	1.0375047
2.5412793	4.7631555
7.999916	1.0026987
7.999868	1.0030912
7.9998026	1.0022984
7.999622	1.1542096
2.451009	6.1481314
9.4839945	3.174955
6.453113	3.6283896
7.999937	1.1059211
7.999879	1.7737348
7.9997845	1.3112042
7.9998546	1.0381155
7.9994664	1.0921785
7.9999695	1.0005679
7.9999943	1.8175004
7.9999547	1.238892
7.999811	1.0002455
7.9997187	1.0735493
13.65574	5.7187696
1.5022311	8.287554
7.994755	2.1364486
7.70671	1.7903633
7.9998393	3.2819684
7.9997888	1.0990678
7.99948	1.0460865
1.6437204	6.359251
7.999898	1.6415277
5.382699	2.358744
8.250429	2.5666995
6.806488	3.2760637
7.999671	1.0000008
8.200157	1.9950052
7.998848	0.99987566
7.999755	1.0094757
13.157568	5.901642
7.9998817	1.121176
10.36466	5.5664263
7.9996514	0.9998408
7.9983525	4.1423535
7.660455	1.7295808
7.999861	1.3643993
7.088957	3.204525
10.495192	2.911799
7.9557095	6.8680935
8.708161	3.5026321
7.2363005	6.6739206
7.9999933	1.0191317
1.6146798	6.356196
7.999614	1.5247087
12.50228	8.01385
7.998248	2.0364356
3.5006013	6.0719604
7.999253	1.0006702
7.9998245	1.3931577
7.999006	1.0619621
6.4413586	8.438863
10.43991	2.9133465
7.999836	2.1757498
8.075497	2.5415976
7.9996843	1.0396326
9.227577	6.0249715
14.031481	8.27486
7.9999356	1.3279607
5.407406	2.827688
7.999298	1.0010974
6.789804	6.2982864
7.999995	2.654708
7.999302	1.0596609
7.999799	1.4779732
7.998469	1.0018678
7.9995065	1.5884488
7.9995937	1.2871499
7.998793	1.5158851
7.999997	1.126656
7.9999785	1.0162838
0.8323549	7.9019656
7.9996166	1.9020506
7.9997096	1.0018486
7.996475	0.99833447
10.468506	4.407168
7.9994326	1.0616021
4.1046276	3.45069
7.9971223	1.5353029
4.91842	8.567469
7.9998403	1.0122522
7.9996243	1.0104816
7.99921	1.0027639
7.9998937	2.2831829
2.9819345	7.780313
2.6323953	4.7746425
0.8253174	8.167655
7.9997454	1.057532
8.085421	1.3027314
10.806151	6.5915937
3.6801605	7.7470083
7.999997	1.0377501
7.9996867	1.1266428
7.9997826	1.0042406
7.999661	1.0760907
7.4122887	5.348703
7.999953	1.0075495
7.999639	1.0238471
7.999527	1.089817
7.9997997	1.2669072
7.9998875	1.1523708
7.9997187	1.0000618
7.9987993	1.0047306
7.9997683	0.99997735
7.9996943	1.0036516
7.9999084	1.2227951
10.42948	2.9209208
12.643808	7.23259
7.9989243	1.4782367
7.9999466	3.0056489
7.9997597	1.3731673
7.999445	1.053671
7.998173	1.4635737
7.9994545	1.4424012
7.998852	1.888684
7.9996514	2.2009113
1.157335	6.244854
7.9998546	0.99992824
5.6923704	5.5654907
10.541258	10.137047
7.9996524	0.9998123
7.9996443	1.0052482
9.857263	3.0875626
7.999045	1.000594
7.999717	1.5158883
7.32043	3.7422657
7.999901	2.8206582
7.9998507	2.6824713
4.714895	3.871051
7.9999537	1.0000837
7.999826	1.3357365
7.999728	1.2279265
7.9999447	1.0487659
7.9992743	2.805958
7.999911	1.0000377
10.727812	6.5488005
7.9997582	1.0256045
5.062929	4.963134
4.1004515	3.4734154
7.9994984	1.3244922
0.95999837	8.178226
7.153445	9.401678
6.6366534	2.633298
7.3940706	1.5065749
7.999401	1.3628452
7.999064	1.2202151
7.9999495	1.0710522
7.999598	1.000468
7.1180916	1.4504051
7.9992714	1.3266523
2.618359	4.646832
12.619093	11.079645
7.999752	1.4550831
6.0205116	3.592621
1.662418	7.850726
7.9999533	2.751686
7.999952	1.3243062
7.9998946	1.0834705
7.8097744	1.7136662
7.999379	1.5147951
1.6903118	6.157112
7.999212	1.0161529
11.979751	3.9597435
7.2071705	1.4928472
7.999447	2.0721052
6.9627414	3.119226
1.498309	1.9954021
7.9998136	1.095383
7.9979553	1.0001799
7.999451	0.9998139
7.9999948	1.0032159
9.2598715	2.3902464
9.661526	4.6133704
7.2754416	3.0039644
10.411056	9.401855
7.9994187	1.0021049
7.9992285	1.0307766
8.167137	4.5704365
7.9999557	1.3529087
7.054169	7.557535
10.226872	4.048375
6.7043486	2.4289193
7.999796	1.0153034
7.9995465	2.2781057
10.500983	2.7787158
11.982586	4.168271
7.056054	1.4195932
7.998892	1.031698
2.9143836	4.91131
9.896619	10.627448
7.9872546	1.5220296
7.999758	1.4360555
7.999931	1.0601331
7.9997764	1.1603271
7.9985223	1.0057027
0.98155963	7.890002
7.999612	1.0776111
3.6266003	7.9815307
7.99988	1.0214309
7.999672	1.0027015
3.0767667	6.682679
7.9999094	1.2502713
7.9990225	0.99944806
7.9981337	2.7436197
7.9994287	1.5580592
14.893868	7.001566
7.999939	1.4890866
7.9999423	1.000601
7.9993305	1.1954062
7.999501	1.0101923
1.1724463	6.279451
7.999875	1.0040488
3.3946247	8.442168
7.999923	1.0683792
2.1499374	6.425109
7.998474	1.0083944
7.9997654	1.000164
5.4144363	2.2419105
7.9988985	1.1043118
7.9991117	1.904273
7.999784	3.1801176
7.1053724	1.4854748
17.103933	8.915614
7.453017	2.6600618
7.2186317	10.570684
7.9998093	1.0272498
7.9997683	1.2508962
7.9999843	1.0017207
12.957986	5.4602127
7.9998183	0.9998973
7.999651	1.1120908
13.440086	5.772564
7.9997625	1.0000365
7.998421	1.1639845
11.215774	4.3305907
7.9998803	3.873362
7.9996343	3.5357158
11.242914	7.488974
7.99975	1.0028076
7.735038	4.087054
7.9997406	1.5043344
10.460017	5.495261
1.3037146	6.2016706
7.9997807	1.0043683
7.999849	1.532143
4.105034	6.153618
7.9994884	1.9099836
7.999392	0.9997519
13.628153	5.6476974
0.101166725	8.076524
17.546564	9.075832
7.999885	2.3281424
10.478949	2.7329333
7.997122	1.6192122
7.998418	0.99927336
7.056402	5.682069
1.5728062	6.3549604
7.999653	1.0134834
7.9998655	1.4038829
7.9995756	1.0879573
3.2990656	9.516908
7.721239	1.220461
7.999566	1.0012305
7.9999743	1.2127132
7.9999337	1.256355
7.9971933	1.7133527
7.9998345	1.1206669
7.999696	1.0778972
8.44153	2.9016337
2.0657375	10.165451
7.999337	1.1417593
7.9999127	1.9253865
7.99977	1.0018035
4.9282207	9.189503
5.873164	2.8694527
7.9987125	1.3192451
13.350187	11.160628
7.9996285	1.1070954
7.9996443	1.3761742
7.99909	1.0085018
7.999535	1.1194521
7.998046	1.5245427
8.196777	1.8631843
7.999987	1.3185247
7.025327	2.6918833
14.058647	8.267177
9.254939	1.7850153
7.999898	1.9034735
7.999379	1.0176889
7.999695	1.0164194
5.312646	3.5815036
3.8783202	3.397193
7.9996514	1.7454953
7.999761	1.0818969
7.999523	1.8499527
15.284553	7.191803
4.3151007	3.348082
7.99997	1.0177978
8.082686	1.0665789
6.9499135	9.498095
7.9990816	1.000084
7.9998794	1.0037415
11.051955	4.03213
10.188009	4.295646
7.9992695	1.8895185
0.67460895	7.921952
6.1902866	3.616135
7.9990687	1.0023031
7.9994173	1.1767459
5.204072	5.1510406
6.622496	11.914077
7.99934	1.0007524
7.9999228	1.020863
5.3004856	3.7814763
4.8174815	7.484083
7.999835	3.5145464
8.055687	2.5827947
7.999917	1.0908681
7.9993196	1.329714
7.437151	1.7881054
7.999652	1.1638838
7.9999347	1.5224437
7.9972124	1.3203024
8.360956	1.8263766
7.9998064	1.0220655
7.998899	1.4250165
7.99958	3.9421885
10.806668	4.4187007
10.634472	4.211725
3.8456712	3.543282
7.999219	1.0151377
7.9999285	2.1669877
7.9991684	2.161835
9.7892065	5.0352936
7.310273	1.3075804
7.9998217	1.5771961
4.708914	3.365195
2.576293	10.958168
7.999979	1.430087
7.999926	1.864414
6.534666	3.5067244
7.9999347	1.5273476
7.9994845	1.7604318
7.9995937	3.1829982
7.999383	1.15589
9.105873	2.0966277
8.815634	7.3785577
7.9998856	1.0002897
7.8616605	1.4368222
8.651379	3.320559
7.999788	1.002692
