7.995858	1.0006675
7.996076	0.9977917
7.9994698	1.0340359
4.330487	8.547488
7.9986005	1.0126247
7.9998484	1.0217358
5.3948927	2.2532167
7.999122	1.0003324
15.633599	7.1462092
7.997867	1.0067977
7.9995403	1.0041757
7.998094	1.0099946
4.919262	4.472032
7.9989753	1.0019165
7.6111403	2.0186484
7.9877563	1.0188906
7.996781	0.99932444
15.358748	7.2381372
7.9974732	0.9986652
10.257986	2.7311976
7.997246	1.0110142
7.995898	1.0314955
7.9995885	1.0036879
5.39906	2.8981798
7.999179	0.9996392
7.998464	1.0253073
7.999579	1.0039998
7.9987855	1.0007946
9.15233	2.649783
1.5173805	0.014120366
0.9916488	8.193808
8.065452	1.0977772
7.9005456	1.19705
7.9970183	1.0007173
7.9994726	0.9999367
2.6541162	4.7880774
1.5225112	7.9408803
7.998575	1.0016385
2.5549417	0.1633807
7.992903	1.0000851
7.996548	0.9980658
15.63919	7.2209563
7.99942	1.0062923
8.704496	6.060291
7.9956555	0.99935
12.302066	8.994171
8.476943	8.686461
7.9992914	1.4038739
7.9966226	0.998217
7.5278845	3.2430587
7.998568	1.0037533
7.9942346	1.03258
11.153799	9.3462515
1.5011805	0.03547229
11.883628	9.088101
7.9981136	0.9989382
8.423047	6.6616096
7.634716	2.7300894
3.3905056	6.4820967
0.02183652	8.028881
5.8069043	3.180227
7.6312337	1.23735
7.9932575	1.0664179
7.999022	0.99976504
4.1298504	3.484291
7.6662493	1.2335551
7.9998484	1.1101545
7.9952073	0.99842
7.995848	1.020871
7.994413	0.9968819
7.9981256	1.0096103
10.291371	3.8239067
7.997356	0.99855953
1.497585	0.13429968
5.383832	2.2649148
2.6442442	6.0938463
7.9990244	1.0018969
5.337634	7.458482
7.997557	1.1080526
7.0644107	2.4764194
12.786568	5.332265
12.913645	6.9745526
7.9866424	1.0380133
7.99542	1.1052845
2.5579882	4.655038
7.9967337	1.0423087
6.348526	2.4249704
8.782483	5.176821
6.2035832	4.690788
7.997187	1.2378203
7.9995575	1.0618801
7.9945335	1.0059972
7.997492	1.0957717
7.9986525	1.4579352
7.9999247	0.9999909
7.99984	1.0853494
7.998954	1.0303111
7.997099	1.0092894
2.4351149	4.7772202
7.998041	1.188657
12.629942	5.4273086
7.9906883	1.0810297
7.9987464	0.9992942
8.643816	8.642855
7.998577	1.0767837
7.996856	1.0010159
7.9915094	1.0666568
7.9994717	0.9999536
7.999535	1.1865733
7.9894595	1.3619851
11.817478	9.691387
2.8280566	8.821269
7.995027	0.9974874
7.998989	1.0002501
7.999751	1.0071533
7.9974484	1.0906287
10.636379	2.781184
7.998811	1.0146338
7.999157	1.0013175
7.99476	0.9994893
5.4254255	2.3899593
13.9439335	8.716132
13.679706	5.5204706
7.9954743	1.1387798
7.994562	1.0057557
7.9982862	1.8416448
7.9979267	1.019182
7.9977236	1.0047461
9.730777	3.263915
7.991654	1.1704789
7.0490427	1.4212483
7.9961967	1.0646046
7.1645994	4.3648868
7.999695	1.0695242
7.9971085	1.017592
7.9989963	1.0520694
7.997244	1.0614332
1.1517763	6.296244
7.9983416	1.2885255
7.997499	1.0002266
7.997918	1.0000288
7.995232	1.1141218
7.9902296	1.0019374
12.458459	5.3146076
8.707465	8.062346
7.9993997	1.2640935
7.9921565	1.1724238
7.997119	0.9998748
12.164098	4.0622706
6.0919065	4.996072
7.992953	1.3376079
5.386165	2.279456
8.4525585	3.7717495
7.9998794	1.0026555
11.226887	4.8990617
6.034335	2.1444964
7.9818745	1.0113962
9.583237	2.9601495
9.842995	6.190873
7.995453	1.0249571
7.9987464	1.0224019
7.9993405	1.0321536
14.864072	7.08209
7.9932513	1.0969826
4.4167366	3.2696195
7.999405	1.0703218
12.169448	4.025681
7.998636	2.9569156
7.998647	1.0604475
7.9937916	2.3886662
9.018242	0.34866324
7.998092	1.0126532
9.955003	9.249174
2.2780359	8.266621
7.9985437	1.2816637
7.9990783	1.0268474
7.999377	1.0652189
7.1018004	1.4747686
7.9984426	1.2423048
7.4526553	7.3997684
8.095514	1.9146127
11.110115	7.9099874
7.998742	1.1489992
7.998781	1.0268345
7.9994607	1.0515736
8.072741	1.1235436
7.995654	1.1017954
7.9946237	1.2666638
7.996001	1.0051961
7.9979405	1.0249923
7.9925303	1.0000664
2.0410924	8.878421
1.4673173	0.3143125
7.9976883	1.0448078
10.479047	3.6715772
7.9904776	1.097507
7.9457364	1.1347499
7.998224	1.0049222
1.5287861	0.06795227
3.162207	6.490541
7.999489	1.0798402
7.9918346	1.2242913
4.814143	4.756547
7.999725	1.0026298
9.246997	2.0324008
7.9953146	1.0262387
9.683625	3.4861526
12.143643	4.012102
9.203844	2.0262182
8.773682	8.41764
7.9957995	1.0172317
7.999456	1.1041815
7.982498	1.0118593
4.532584	3.3164122
14.042276	10.402327
7.998628	1.0377874
6.1806746	7.27409
7.999634	1.038166
10.567245	3.0306485
7.995952	0.99818206
7.988265	0.9980267
8.3418255	0.9881596
7.999915	1.1080137
7.9997497	1.6284726
7.9985504	1.0074148
7.9956503	1.0293785
10.275568	5.8473883
7.998376	1.0057602
2.9808998	5.6127443
8.256299	1.6206007
4.4061613	8.640886
7.070641	1.694838
7.9961143	1.050937
12.682582	8.698296
7.998641	1.0121509
7.989368	1.538311
7.998325	1.4695208
7.9979877	1.0056916
7.997614	1.1025571
0.01940918	8.041394
7.978587	0.98814046
7.9987288	0.9993537
13.179995	5.4592643
7.9990616	1.0281224
7.9930396	1.7865967
7.9968214	1.0031713
13.450173	5.3701096
7.982006	1.721762
7.9425993	1.0366237
7.998397	1.0198925
7.9995255	1.020937
7.999856	1.2459036
7.997586	1.1070094
15.659512	7.1367407
7.998759	1.6278868
7.9992313	1.0066942
7.9965334	0.9994696
8.502431	8.39007
7.9994664	1.1445471
7.9994593	1.0157301
7.998734	1.0094867
8.135175	1.7398129
6.3129797	8.095164
7.9974604	1.0085403
6.00092	3.3102486
7.9941483	1.0289907
6.08719	2.802324
1.8455303	1.6520325
7.999655	0.9998047
8.061115	4.5750003
10.050596	3.0845597
7.993446	1.0893453
17.122887	8.937585
14.679013	7.9788275
7.997886	1.1267042
5.3914957	6.0936356
9.19143	1.9853961
4.083042	6.0027876
7.994413	1.0044514
8.417402	4.0639915
7.999048	0.99955064
7.9998555	1.01567
7.999058	1.0545657
7.9965744	1.0016009
7.999078	1.0245076
13.195702	9.112106
7.991134	1.0390339
7.9974017	1.0108836
2.8556433	6.0695333
6.890237	2.842652
7.9994464	1.2090862
7.999053	1.0723853
7.993173	1.0054699
5.387437	2.3956428
7.9973235	1.0015069
2.1380465	6.1167927
5.662985	5.5058794
7.999965	1.0752897
7.9928274	0.9970706
1.7610154	6.1514835
2.237493	6.1083097
7.9972715	1.040895
7.487079	1.5304335
9.227103	2.0256882
7.998551	1.3552921
7.9995728	1.1348217
7.998327	1.4143885
7.996464	1.0041698
7.9993033	1.2947986
7.995278	1.1200603
7.9916077	1.0570903
7.9953027	1.0435114
7.1494117	1.9599279
9.481205	9.527323
7.997569	0.9989948
12.9592495	7.7212944
7.999365	1.0043426
6.993966	2.1970615
7.991579	1.0284185
1.9159088	0.49260926
7.9994497	1.0609946
7.3823485	5.6175265
7.4165993	1.5855963
6.465862	8.408947
7.993425	1.2859726
13.035053	5.909886
12.10232	4.020632
13.806691	5.539267
4.180252	5.0274935
7.9994354	1.0641935
7.996781	1.5052832
7.9986596	1.0141311
7.9984035	1.1582491
10.940077	10.04417
7.997803	1.1586051
7.999298	1.1600981
3.971004	3.6301858
7.980436	0.99262834
1.4096332	0.923143
7.999154	1.0107023
7.946889	3.9676528
7.9994707	1.0970705
6.050474	5.549339
7.999564	1.0201157
7.997416	1.0152911
7.995944	1.019134
7.9998484	1.0271513
7.9969974	1.0102895
7.9963584	1.0049425
7.9993067	1.6798325
8.940054	1.7120082
7.996462	1.4903158
2.186702	2.6764216
7.9990087	1.1664746
7.9964705	1.2035713
7.9970703	1.0308502
7.99461	1.0115718
14.679413	10.757837
7.996151	1.0214853
7.9913273	1.5230851
7.999471	1.0090472
7.991964	1.1886599
7.9993105	1.0905488
7.999835	1.5163908
7.7288237	2.1638005
7.997679	0.99917346
7.999627	1.0326183
12.84767	5.9113693
7.9870973	1.1822616
7.9641013	5.9981136
7.9981546	1.2644725
8.924502	7.147021
5.725198	10.80423
7.997382	1.0069352
7.990815	1.0132488
7.599536	1.9189427
3.0123048	8.442601
7.9946594	1.0076777
7.9940457	0.99687153
7.9998856	1.0082994
8.701608	1.8158307
7.9972196	1.3094211
7.3913956	1.7153649
7.992527	1.0240753
11.323732	6.6694946
7.04915	1.421252
7.9993854	1.0002675
7.995812	1.1148955
7.9992256	1.0697641
10.62155	2.8566518
7.999796	1.1222354
10.056995	6.231956
8.00487	1.2581221
11.743783	5.264021
10.3678055	2.8724198
7.303281	3.8072152
7.9984794	1.0776231
5.8315477	2.7484276
7.9968243	0.99823624
7.993187	1.0077486
7.6548414	1.9290638
7.9977803	1.0000497
13.712963	5.4444394
7.2246814	1.3230305
11.950893	4.0959797
7.998561	1.2720239
6.284692	2.1236737
7.9950027	1.010698
7.9734464	0.99132746
9.3559475	7.130984
7.999746	1.0031757
7.9967303	1.0021228
7.996023	1.0764575
6.6640005	4.869462
7.995591	1.337363
3.6798282	6.059386
7.140467	1.3492025
7.9997196	1.0062666
7.9996886	0.99999577
7.9699373	1.0125735
7.9994125	1.0302192
7.999492	1.2497872
5.43024	2.6905484
11.802511	4.309473
3.1972518	9.95716
6.455849	3.2129154
14.201552	7.421817
7.9984846	1.0120381
7.998575	1.0177388
7.9995675	1.4628283
7.999794	1.0000249
7.919586	0.9896898
7.998849	1.0250586
7.999992	1.0206567
7.9963703	1.022407
7.9992723	1.608104
6.258005	3.066782
7.2190003	1.5026609
7.9987345	1.1069705
7.9941773	1.0566349
7.9965158	1.8662093
7.981925	1.0075872
8.308467	1.6232308
7.9958477	1.0191405
7.9998035	1.8838942
13.795206	7.2697787
4.8226466	3.639505
7.999934	1.0895221
7.9995866	1.3985608
7.997659	1.2786497
7.994996	1.0783123
7.9987135	0.9992719
7.9986615	2.3635046
7.998715	0.9996738
7.9991384	1.6406348
7.992733	1.030918
9.924976	3.5885806
7.998573	3.6151009
11.686639	8.453357
7.9994097	1.2882854
8.76914	0.7428587
8.092975	1.0864626
7.999043	1.1133608
4.8729706	6.0099306
10.63167	2.92815
8.285168	11.863677
7.9938555	1.0405804
6.7022505	4.4521003
7.9918365	1.2272757
7.998078	1.2454026
7.9969397	1.0036389
7.9990544	1.0135858
7.9993496	1.0878332
7.9989257	1.312185
7.9992175	1.3035281
7.9992423	1.4594839
7.9924855	1.034385
7.9932504	1.1513233
1.9274453	1.4717203
9.108324	5.1411304
9.438262	3.0048933
5.6072693	4.066971
6.0331	3.295597
3.8875403	3.4805286
7.9989915	1.0823734
7.9696836	0.98299843
7.7789555	10.889368
7.999982	1.3996589
7.999984	1.0231292
8.909622	5.7604523
12.959542	6.340055
7.9983544	1.0004312
8.113836	8.44256
7.9969807	1.5831268
1.1755753	7.5593686
7.996761	1.1720833
8.764834	9.692959
7.9951725	1.2473626
7.9993577	1.0079134
7.99977	1.1275542
