0.8521035	-0.7622577
0.8521035	-0.7622577
0.8521035	-0.7622577
0.8521035	-0.7622577
0.8490411	-0.7583412
0.8490411	-0.7583412
0.8521035	-0.7622577
0.8469561	-0.7509029
0.8469561	-0.7509029
0.8521035	-0.7622577
0.8469561	-0.75119895
0.8469561	-0.75119895
0.84484994	-0.7414944
0.84484994	-0.7414944
0.84484994	-0.7414944
0.84484994	-0.7410256
0.84484994	-0.7410256
0.84484994	-0.74104285
0.8433771	-0.7318014
0.8433771	-0.7318014
0.8429179	-0.72814107
0.8426412	-0.7258157
0.8426412	-0.7258157
0.8420537	-0.7215976
0.8420537	-0.7215976
0.8417784	-0.7192837
0.84154266	-0.7167548
0.84154266	-0.7167548
0.84154266	-0.7166596
0.84104645	-0.71138763
0.8408296	-0.70870584
0.8408296	-0.70870584
0.8401247	-0.70578736
0.8401247	-0.70578736
0.8401247	-0.70540935
0.83994484	-0.70310146
0.83960307	-0.69834346
0.83960307	-0.6987238
0.8390734	-0.69325346
0.83905077	-0.69203615
0.83871806	-0.6899293
0.83852696	-0.68801427
0.83852696	-0.68801427
0.83852696	-0.68801427
0.8384422	-0.6865845
0.83774424	-0.68101305
0.83774424	-0.68101305
0.8376308	-0.6782377
0.8373281	-0.67525756
0.8369615	-0.6714469
0.8369615	-0.6714469
0.8369615	-0.6714469
0.83695054	-0.6688711
0.83695054	-0.6688711
0.83695054	-0.6688711
0.8364109	-0.6618775
0.8364109	-0.6618775
0.83695054	-0.6688711
0.8357013	-0.6527029
0.83560574	-0.65175706
0.83560574	-0.65175706
0.83560574	-0.65183187
0.83560574	-0.65175706
0.8347765	-0.6434215
0.83560574	-0.6515263
0.83461845	-0.6390105
0.83461845	-0.6390105
0.8340649	-0.63430405
0.8340649	-0.633854
0.8337704	-0.6288348
0.8337704	-0.6288348
0.8337704	-0.6286943
0.8337704	-0.6286943
0.8337704	-0.6288348
0.8329647	-0.61768544
0.8337704	-0.6288348
0.8329647	-0.61768544
0.83268446	-0.6130523
0.83242214	-0.60832953
0.83242214	-0.60832953
0.8329647	-0.61768544
0.8319366	-0.6022068
0.83307046	-0.61905956
0.8317057	-0.5971279
0.8317057	-0.5971279
0.8317057	-0.5971279
0.8312901	-0.5898115
0.83108354	-0.58806306
0.83108354	-0.58806306
0.83108354	-0.58889246
0.83108354	-0.58889246
0.83041424	-0.5780756
0.8303399	-0.5748506
0.8303399	-0.5748506
0.83026713	-0.574297
0.8303399	-0.5748506
0.82971025	-0.5663367
0.8295286	-0.5623734
0.82937366	-0.5601605
0.8293072	-0.5573398
0.8291152	-0.5560714
0.8291152	-0.5560714
0.8291152	-0.5555394
0.8291152	-0.5555394
0.8291152	-0.5560714
0.8282419	-0.5424608
0.8281988	-0.54051995
0.8281988	-0.54051995
0.8281988	-0.54042435
0.8281988	-0.54042435
0.8281988	-0.54051995
0.8303399	-0.5748506
0.8274187	-0.5242365
0.8274187	-0.5242365
0.8274187	-0.5242365
0.8268853	-0.5154628
0.8268853	-0.5154628
0.82669854	-0.51207834
0.82669854	-0.51207834
0.8263367	-0.5041436
0.8263367	-0.5041436
0.8263367	-0.50464696
0.8258426	-0.4958224
0.8258426	-0.4958224
0.82561874	-0.49071723
0.82561874	-0.4898871
0.82525575	-0.48511705
0.82525575	-0.48511705
0.82525575	-0.48570782
0.82525575	-0.48511705
0.8246701	-0.47232026
0.8246701	-0.47232026
0.8246701	-0.47232026
0.8246701	-0.47324938
0.8240186	-0.46115175
0.8240186	-0.46115175
0.8240186	-0.45999026
0.8240186	-0.46115175
0.8240186	-0.46115175
0.6544473	-0.4479819
0.6544473	-0.4479819
0.6544473	-0.4479819
0.6544473	-0.4479819
0.6544473	-0.4479819
0.6544473	-0.4479819
0.6544473	-0.4479819
0.6544473	-0.4479819
0.6544473	-0.4479819
0.6544473	-0.4479819
0.6544473	-0.4479819
0.6544473	-0.4479819
0.6544473	-0.4479819
0.6544473	-0.4479819
0.6544473	-0.4479819
0.6544473	-0.4479819
0.6544473	-0.4479819
0.6544473	-0.4479819
0.6544473	-0.4479819
0.6544473	-0.4479819
0.6544473	-0.4479819
0.6544473	-0.4479819
0.6544473	-0.4479819
0.6544473	-0.4479819
0.6544473	-0.4479819
0.6544473	-0.4479819
0.6544473	-0.4479819
0.6544473	-0.4479819
0.6544473	-0.4479819
0.6544473	-0.4479819
0.6544473	-0.4470205
0.6544473	-0.4470205
0.6544473	-0.4470205
0.6544473	-0.44744045
0.64299554	-0.41735873
0.64299554	-0.41735873
0.64299554	-0.41735873
0.64299554	-0.41735873
0.64299554	-0.41735873
0.64299554	-0.4170817
0.64299554	-0.4164435
0.64299554	-0.41735873
0.64299554	-0.41735873
0.64299554	-0.41735873
0.64299554	-0.41735873
0.64299554	-0.41735873
0.64299554	-0.41735873
0.64299554	-0.4170817
0.6384256	-0.38244265
0.6384256	-0.38244265
0.6384256	-0.38244265
0.63762987	-0.37282047
0.63762987	-0.37282047
0.63762987	-0.37282047
0.63621813	-0.362127
0.63621813	-0.362127
0.63621813	-0.362127
0.63621813	-0.362127
0.63621813	-0.362127
0.63621813	-0.36094898
0.63621813	-0.362127
0.63621813	-0.362127
0.6337295	-0.3369545
0.6337295	-0.3369545
0.6337295	-0.3369545
0.6337295	-0.3369545
0.6337295	-0.3369545
0.6337295	-0.3369545
0.6337295	-0.3369545
0.6337295	-0.3369545
0.6337295	-0.33247742
0.6337295	-0.33651528
0.6337295	-0.33247742
0.6337295	-0.33247742
0.6337295	-0.3366223
0.6337295	-0.3366223
0.6337295	-0.3369545
0.6293231	-0.28251442
0.6293231	-0.28251442
0.6293231	-0.28251442
0.6293231	-0.28251442
0.6293231	-0.28247908
0.6293231	-0.28251442
0.6293231	-0.28251442
0.627462	-0.25689396
0.627462	-0.25689396
0.627462	-0.25689396
0.627462	-0.25689396
0.627462	-0.25689396
0.627462	-0.25573528
0.627462	-0.25573528
0.627462	-0.2566615
0.627462	-0.25689396
0.627462	-0.25573528
0.627462	-0.2566615
0.62444884	-0.21188866
0.62444884	-0.21188866
0.62444884	-0.21188866
0.62444884	-0.21188866
0.62444884	-0.21188866
0.62444884	-0.21188866
0.62444884	-0.21188866
0.62444884	-0.21188866
0.62444884	-0.21188866
0.62444884	-0.21188866
0.62444884	-0.21188866
0.62444884	-0.21188866
0.6210801	-0.15949018
0.6210801	-0.15949018
0.6210801	-0.15949018
0.6210801	-0.15949018
0.6210801	-0.15810797
0.6210801	-0.15810797
0.6210801	-0.15949018
0.6210801	-0.15949018
0.6210801	-0.15949018
0.6210801	-0.15949018
0.45057723	-0.11169583
0.45057723	-0.11169583
0.45057723	-0.11169583
0.45057723	-0.11169583
0.45057723	-0.11169583
0.45057723	-0.11169583
0.45057723	-0.11169583
0.45057723	-0.11169583
0.45057723	-0.11169583
0.45057723	-0.11169583
0.45057723	-0.11169583
0.45057723	-0.11169583
0.45057723	-0.11169583
0.45057723	-0.11169583
0.45057723	-0.11169583
0.45057723	-0.11169583
0.45057723	-0.11169583
0.45057723	-0.11169583
0.45057723	-0.11169583
0.45057723	-0.11169583
0.45057723	-0.11169583
0.45057723	-0.11169583
0.45057723	-0.11169583
0.45057723	-0.11169583
0.45057723	-0.11169583
0.45057723	-0.11169583
0.45057723	-0.11169583
0.45057723	-0.11169583
0.45057723	-0.11169583
0.45057723	-0.11169583
0.45057723	-0.11169583
0.45057723	-0.11169583
0.45057723	-0.11169583
0.45057723	-0.11169583
0.45057723	-0.11169583
0.45057723	-0.11169583
0.45057723	-0.11169583
0.45057723	-0.11169583
0.45057723	-0.11169583
0.45057723	-0.11169583
0.45057723	-0.11169583
0.45057723	-0.11169583
0.45057723	-0.11169583
0.44552565	-0.09585647
0.44552565	-0.09585647
0.44552565	-0.09585647
0.44552565	-0.09585647
0.44552565	-0.09585647
0.44552565	-0.09585647
0.44552565	-0.09585647
0.44552565	-0.09585647
0.44552565	-0.09585647
0.43670967	-0.047623217
0.43670967	-0.047623217
0.43670967	-0.047623217
0.43670967	-0.047623217
0.43670967	-0.047623217
0.43670967	-0.047623217
0.43670967	-0.047623217
0.43670967	-0.047623217
0.43670967	-0.047346454
0.43670967	-0.047346454
0.43670967	-0.047623217
0.43670967	-0.047346454
0.43670967	-0.04598918
0.43670967	-0.047346454
0.43670967	-0.047623217
0.42787236	0.03115438
0.42787236	0.03115438
0.42787236	0.03115438
0.42787236	0.03115438
0.42787236	0.03115438
0.42787236	0.03115438
0.42524517	0.058008
0.42524517	0.058008
0.42524517	0.058008
0.42524517	0.058008
0.42524517	0.058008
0.42524517	0.08338789
0.42524517	0.058008
0.42524517	0.058008
0.42524517	0.058008
0.42524517	0.08338789
0.42524517	0.08338789
0.42524517	0.08106803
0.4173522	0.14964898
0.4173522	0.14964898
0.4173522	0.14964898
0.4173522	0.14964898
0.4173522	0.14964898
0.4173522	0.14964898
0.4173522	0.15048216
0.41414872	0.1954402
0.41414872	0.1954402
0.41337067	0.20458238
0.41337067	0.20458238
0.41337067	0.20269124
0.41337067	0.20269124
0.41337067	0.20458238
0.4102467	0.24796355
0.2583617	0.2554353
0.2583617	0.2554353
0.2583617	0.2554353
0.2583617	0.2554353
0.2583617	0.2554353
0.2583617	0.2554353
0.2583617	0.2554353
0.2583617	0.2554353
0.2583617	0.2554353
0.2583617	0.2554353
0.2583617	0.2554353
0.2583617	0.2554353
0.2583617	0.2554353
0.2583617	0.2554353
0.2583617	0.2554353
0.2583617	0.2554353
0.2583617	0.2554353
0.2583617	0.2554353
0.2583617	0.2554353
0.2583617	0.2554353
0.2583617	0.2554353
0.2583617	0.2554353
0.2583617	0.2554353
0.2583617	0.2554353
0.2583617	0.2554353
0.2583617	0.2554353
0.2583617	0.2554353
0.2583617	0.2554353
0.2583617	0.25569105
0.2583617	0.25569105
0.2583617	0.25569105
0.2583617	0.25569105
0.2583617	0.25569105
0.2583617	0.25569105
0.2583617	0.25569105
0.2583617	0.25569105
0.2583617	0.2554353
0.2583617	0.2554353
0.2583617	0.2554353
0.2583617	0.2554353
0.2583617	0.2554353
0.2583617	0.2554353
0.2583617	0.2554353
0.2542809	0.25796294
0.2542809	0.25796294
0.25113297	0.26148322
0.25113297	0.26148322
0.25113297	0.26168096
0.25113297	0.26168096
0.24035296	0.29669195
0.24035296	0.29669195
0.24035296	0.29669195
0.23785484	0.3048988
0.23785484	0.3048988
0.23785484	0.3048988
0.23785484	0.3048988
0.23785484	0.3048988
0.23785484	0.3048988
0.23785484	0.3389734
0.23785484	0.3389734
0.23785484	0.35534155
0.21862446	0.4246686
0.21862446	0.4246686
0.21862446	0.4246686
0.21862446	0.42507648
0.21862446	0.42507648
0.21862446	0.4246686
0.21862446	0.4246686
0.2166768	0.44409567
0.21862446	0.4246686
0.21058968	0.49009654
0.21058968	0.49009654
0.21058968	0.49009654
0.20790777	0.5078337
0.20790777	0.5078337
0.20790777	0.5078337
0.20790777	0.52366674
0.2009805	0.5879471
0.2009805	0.58747196
0.19663677	0.5940602
0.19663677	0.5940602
0.19663677	0.5940602
0.19663677	0.5949446
0.19400057	0.61301965
0.1879561	0.65315557
0.1879561	0.65315557
0.08555752	0.6842332
0.08555752	0.6842332
0.08555752	0.6842332
0.08555752	0.6842332
0.08555752	0.6842332
0.08555752	0.6842332
0.08555752	0.6842332
0.08555752	0.6842332
0.08555752	0.6842332
0.08555752	0.6842332
0.08555752	0.6842332
0.08555752	0.6842332
0.08555752	0.6842332
0.08555752	0.6842332
0.08555752	0.6842332
0.08555752	0.68433005
0.08555752	0.68433005
0.08555752	0.68433005
0.08555752	0.68433005
0.08555752	0.68433005
0.08555752	0.68433005
0.08555752	0.68433005
0.08555752	0.68433005
0.08555752	0.6842332
0.08555752	0.68433005
0.08555752	0.68433005
0.08555752	0.68433005
0.08555752	0.68433005
0.08555752	0.68433005
0.08555752	0.68433005
0.074592076	0.6917295
0.074592076	0.6917295
0.074592076	0.6917295
0.074592076	0.6926923
0.06515258	0.704334
0.06515258	0.704334
0.06515258	0.7055432
0.05693813	0.72288626
0.05693813	0.72288626
0.05693813	0.724669
0.049784437	0.74813837
0.049784437	0.74941605
0.049784437	0.74813837
0.027494336	0.8312974
0.027494336	0.8312974
0.027494336	0.8312974
0.027494336	0.8318161
0.027494336	0.8312974
0.027494336	0.8312974
0.025246466	0.84653234
0.018969398	0.8705702
0.018969398	0.8705702
0.0010448446	0.9877683
0.0010448446	0.9877683
0.0010448446	0.9877683
0.0010448446	0.9877683
0.0010448446	0.9877683
0.0010448446	0.9877683
