0.0	1.0
0.005	0.990025
0.01	0.98010004
0.015	0.97022504
0.02	0.96040004
0.024999999	0.95062506
0.03	0.9409
0.035	0.93122494
0.04	0.9216
0.044999998	0.912025
0.049999997	0.9025
0.055	0.893025
0.06	0.8836
0.065	0.874225
0.07	0.8649
0.074999996	0.85562503
0.08	0.8464
0.085	0.837225
0.089999996	0.8281
0.095	0.8190249
0.099999994	0.80999994
0.105	0.801025
0.11	0.79209995
0.114999995	0.783225
0.12	0.7744
0.125	0.765625
0.13	0.7569
0.13499999	0.74822503
0.14	0.7396
0.145	0.73102504
0.14999999	0.7225
0.155	0.714025
0.16	0.7056001
0.16499999	0.69722503
0.17	0.6889
0.175	0.68062496
0.17999999	0.6724
0.185	0.664225
0.19	0.6561
0.195	0.64802504
0.19999999	0.64000005
0.205	0.632025
0.21	0.6241
0.21499999	0.61622506
0.22	0.6083999
0.225	0.600625
0.22999999	0.5929
0.235	0.585225
0.24	0.5776
0.24499999	0.57002497
0.25	0.5625
0.255	0.555025
0.26	0.54760003
0.265	0.540225
0.26999998	0.53290004
0.275	0.52562505
0.28	0.5184
0.285	0.51122504
0.29	0.5041
0.295	0.49702507
0.29999998	0.49000007
0.305	0.48302498
0.31	0.4761
0.315	0.469225
0.32	0.46240002
0.325	0.45562503
0.32999998	0.4489
0.33499998	0.44222504
0.34	0.43559995
0.345	0.42902496
0.35	0.42249995
0.355	0.41602498
0.35999998	0.4096
0.36499998	0.40322497
0.37	0.3969
0.375	0.390625
0.38	0.3844
0.385	0.378225
0.39	0.37210003
0.39499998	0.36602503
0.39999998	0.36
0.405	0.35402504
0.41	0.34810004
0.415	0.34222504
0.42	0.33640006
0.42499998	0.33062506
0.42999998	0.32490006
0.435	0.31922498
0.44	0.3136
0.445	0.308025
0.45	0.3025
0.45499998	0.29702502
0.45999998	0.29160002
0.465	0.28622496
0.47	0.28089997
0.475	0.27562496
0.48	0.2704
0.48499998	0.265225
0.48999998	0.26009998
0.49499997	0.255025
0.5	0.25
0.505	0.2475
0.51	0.245
0.515	0.2425
0.52	0.24000001
0.525	0.23750001
0.53	0.23500001
0.53499997	0.23250002
0.53999996	0.23000002
0.545	0.22749999
0.55	0.225
0.555	0.2225
0.56	0.22
0.565	0.2175
0.57	0.215
0.575	0.2125
0.58	0.21000001
0.585	0.20750001
0.59	0.20500001
0.59499997	0.20250002
0.59999996	0.20000002
0.60499996	0.19750002
0.61	0.195
0.615	0.1925
0.62	0.19
0.625	0.1875
0.63	0.185
0.635	0.1825
0.64	0.18
0.645	0.17750001
0.65	0.17500001
0.655	0.17250001
0.65999997	0.17000002
0.66499996	0.16750002
0.66999996	0.16500002
0.675	0.1625
0.68	0.16
0.685	0.1575
0.69	0.155
0.695	0.1525
0.7	0.15
0.705	0.14750001
0.71	0.14500001
0.715	0.14250001
0.71999997	0.14000002
0.72499996	0.13750002
0.72999996	0.13500002
0.73499995	0.13250002
0.74	0.13
0.745	0.1275
0.75	0.125
0.755	0.12374369
0.76	0.12247449
0.765	0.121192
0.77	0.11989579
0.775	0.118585415
0.78	0.117260404
0.78499997	0.11592024
0.78999996	0.114564404
0.79499996	0.11319233
0.79999995	0.11180341
0.805	0.11039701
0.81	0.108972475
0.815	0.10752907
0.82	0.10606602
0.825	0.1045825
0.83	0.10307764
0.835	0.10155049
0.84	0.10000001
0.84499997	0.098425105
0.84999996	0.096824594
0.85499996	0.09519718
0.85999995	0.09354145
0.865	0.09185586
0.87	0.09013878
0.875	0.088388346
0.88	0.08660254
0.885	0.08477913
0.89	0.08291563
0.895	0.08100927
0.9	0.07905695
0.905	0.077055186
0.90999997	0.07500001
0.91499996	0.072886914
0.91999996	0.0707107
0.92499995	0.068465345
0.93	0.06614378
0.935	0.06373774
0.94	0.061237246
0.945	0.058630202
0.95	0.055901706
0.955	0.053033017
0.96	0.050000012
0.965	0.046770737
0.96999997	0.04330129
0.97499996	0.0395285
0.97999996	0.035355374
0.98499995	0.030618668
0.98999995	0.025000062
0.995	0.017677661
