7.7580695	3.117369
7.7580695	3.117369
7.7580695	3.117369
7.7580695	3.117369
7.7580695	3.117369
7.7580695	3.117369
7.7580695	3.117369
7.7580695	3.117369
7.7580695	3.117369
7.7580695	3.117369
7.7580695	3.117369
7.7580695	3.117369
7.7580695	3.117369
7.8334427	1.228878
7.8334427	1.228878
7.8334427	1.228878
7.8334427	1.228878
7.8334427	1.228878
7.8334427	1.228878
7.8334427	1.228878
7.8334427	1.228878
7.8334427	1.228878
7.8334427	1.228878
7.8334427	1.228878
7.8334427	1.228878
7.8334427	1.228878
7.8334427	1.228878
7.8334427	1.228878
7.8334427	1.228878
7.8334427	1.228878
7.8334427	1.228878
7.8334427	1.228878
2.3177176	7.751381
7.8334427	1.228878
7.7580695	3.117369
7.7580695	3.117369
7.8334427	1.228878
7.818754	2.1246867
7.8334427	1.228878
7.8334427	1.228878
7.8334427	1.228878
5.4288597	8.631607
3.474124	5.5033255
7.7580695	3.117369
7.7580695	3.117369
7.7580695	3.117369
7.7580695	3.117369
7.7580695	3.117369
7.7580695	3.117369
7.818754	2.1246867
7.818754	2.1246867
3.037373	7.23129
7.818754	2.1246867
7.7580695	3.117369
7.7580695	3.117369
7.7580695	3.117369
7.7580695	3.117369
7.818754	2.1246867
7.818754	2.1246867
7.818754	2.1246867
7.818754	2.1246867
7.818754	2.1246867
7.818754	2.1246867
7.818754	2.1246867
8.38019	1.8747736
8.38019	1.8747736
8.38019	1.8747736
8.38019	1.8747736
3.8361511	10.1325445
8.306151	4.2849946
7.7580695	3.117369
7.7580695	3.117369
7.7580695	3.117369
7.7580695	3.117369
7.7580695	3.117369
7.7580695	3.117369
7.7580695	3.117369
7.7580695	3.117369
8.306151	4.2849946
7.672786	3.3028998
7.798035	2.1173387
8.306151	4.2849946
8.306151	4.2849946
8.306151	4.2849946
8.306151	4.2849946
8.306151	4.2849946
8.306151	4.2849946
8.284682	3.561262
8.284682	3.561262
8.284682	3.561262
7.798035	2.1173387
7.798035	2.1173387
7.798035	2.1173387
8.284682	3.561262
8.284682	3.561262
8.284682	3.561262
8.284682	3.561262
4.17296	8.413815
7.798035	2.1173387
8.294991	2.782187
7.798035	2.1173387
8.284682	3.561262
8.284682	3.561262
8.284682	3.561262
8.284682	3.561262
7.798035	2.1173387
7.798035	2.1173387
7.798035	2.1173387
7.798035	2.1173387
7.798035	2.1173387
7.798035	2.1173387
7.798035	2.1173387
7.798035	2.1173387
7.798035	2.1173387
7.798035	2.1173387
7.798035	2.1173387
7.731875	2.8335063
7.731875	2.8335063
7.731875	2.8335063
7.731875	2.8335063
7.731875	2.8335063
7.798035	2.1173387
7.798035	2.1173387
7.798035	2.1173387
8.407848	1.5366368
8.407848	1.5366368
8.407848	1.5366368
8.407848	1.5366368
7.798035	2.1173387
7.798035	2.1173387
7.798035	2.1173387
7.798035	2.1173387
7.798035	2.1173387
7.798035	2.1173387
7.798035	2.1173387
7.798035	2.1173387
7.798035	2.1173387
8.407848	1.5366368
8.407848	1.5366368
8.407848	1.5366368
8.407848	1.5366368
8.407848	1.5366368
8.131311	1.8955673
8.131311	1.8955673
8.131311	1.8955673
8.407848	1.5366368
8.407848	1.5366368
8.407848	1.5366368
8.407848	1.5366368
8.407848	1.5366368
8.407848	1.5366368
8.407848	1.5366368
8.407848	1.5366368
8.407848	1.5366368
8.407848	1.5366368
1.7848407	7.5320253
8.407848	1.5366368
8.407848	1.5366368
8.407848	1.5366368
8.384916	1.8779724
8.384916	1.8779724
7.798035	2.1173387
7.798035	2.1173387
7.798035	2.1173387
7.798035	2.1173387
7.731875	2.8335063
8.378556	0.94455576
8.378556	0.94455576
8.378556	0.94455576
8.378556	0.94455576
8.378556	0.94455576
8.378556	0.94455576
8.378556	0.94455576
8.378556	0.94455576
8.378556	0.94455576
7.731875	2.8335063
7.731875	2.8335063
7.731875	2.8335063
7.731875	2.8335063
8.014891	1.3360677
8.014891	1.3360677
8.014891	1.3360677
7.731875	2.8335063
7.731875	2.8335063
7.731875	2.8335063
8.378556	0.94455576
1.5631814	7.322221
7.731875	2.8335063
7.731875	2.8335063
7.881499	4.3250194
7.881499	4.3250194
7.881499	4.3250194
7.881499	4.3250194
7.881499	4.3250194
7.881499	4.3250194
7.881499	4.3250194
7.731875	2.8335063
7.731875	2.8335063
7.731875	2.8335063
7.731875	2.8335063
7.731875	2.8335063
7.731875	2.8335063
7.731875	2.8335063
7.731875	2.8335063
7.731875	2.8335063
7.731875	2.8335063
7.731875	2.8335063
7.731875	2.8335063
7.731875	2.8335063
7.731875	2.8335063
8.406015	3.411008
8.406015	3.411008
8.406015	3.411008
8.406015	3.411008
8.406015	3.411008
8.406015	3.411008
8.406015	3.411008
8.406015	3.411008
8.406015	3.411008
8.406015	3.411008
8.406015	3.411008
8.406015	3.411008
8.406015	3.411008
8.406015	3.411008
7.881499	4.3250194
7.881499	4.3250194
7.881499	4.3250194
8.406015	3.411008
8.406015	3.411008
8.406015	3.411008
4.7306776	8.535524
8.373312	4.828905
8.373312	4.828905
7.881499	4.3250194
2.6215315	9.269442
7.881499	4.3250194
8.373312	4.828905
8.373312	4.828905
8.373312	4.828905
7.881499	4.3250194
7.881499	4.3250194
0.041937113	7.6283174
7.881499	4.3250194
8.373312	4.828905
8.373312	4.828905
7.881499	4.3250194
7.881499	4.3250194
7.881499	4.3250194
7.881499	4.3250194
7.881499	4.3250194
7.881499	4.3250194
7.881499	4.3250194
7.881499	4.3250194
7.881499	4.3250194
7.875487	4.7960234
7.881499	4.3250194
7.881499	4.3250194
7.881499	4.3250194
7.881499	4.3250194
6.207342	10.866318
7.881499	4.3250194
7.881499	4.3250194
7.881499	4.3250194
7.881499	4.3250194
7.881499	4.3250194
7.7904553	4.353322
7.875487	4.7960234
7.881499	4.3250194
7.875487	4.7960234
7.875487	4.7960234
7.875487	4.7960234
7.875487	4.7960234
7.875487	4.7960234
7.875487	4.7960234
6.4670196	4.9872437
7.7904553	4.353322
7.7904553	4.353322
7.7904553	4.353322
7.8070116	2.6136954
7.7904553	4.353322
7.875487	4.7960234
7.875487	4.7960234
7.875487	4.7960234
7.875487	4.7960234
7.875487	4.7960234
7.875487	4.7960234
5.072635	10.746048
7.875487	4.7960234
7.875487	4.7960234
7.875487	4.7960234
7.875487	4.7960234
7.875487	4.7960234
7.875487	4.7960234
7.875487	4.7960234
7.875487	4.7960234
7.7904553	4.353322
8.311224	4.0754266
7.7904553	4.353322
7.7904553	4.353322
7.7904553	4.353322
