0.9986991	0.24529955
0.51497275	0.2470852
0.51497275	0.2470852
0.51497275	0.2470852
0.51497275	0.2470852
0.51497275	0.2470852
0.51497275	0.2470852
0.51497275	0.2470852
0.51497275	0.2538678
0.51497275	0.2470852
0.51497275	0.2470852
0.51497275	0.2470852
0.51497275	0.2538678
0.51497275	0.2538678
0.51497275	0.2538678
0.51497275	0.2470852
0.51497275	0.2470852
0.51497275	0.2470852
0.51497275	0.2470852
0.51497275	0.2470852
0.51497275	0.2470852
0.51497275	0.2470852
0.51497275	0.2470852
0.51497275	0.2470852
0.51497275	0.2470852
0.51497275	0.2470852
0.51497275	0.2470852
0.51497275	0.2538678
0.51497275	0.2538678
0.51497275	0.2470852
0.51497275	0.2470852
0.51497275	0.2470852
0.51497275	0.2470852
0.51497275	0.2470852
0.51497275	0.2470852
0.51497275	0.2470852
0.51497275	0.24642399
0.51497275	0.2470852
0.51497275	0.24642399
0.51497275	0.24642399
0.51497275	0.2470852
0.51497275	0.2470852
0.51497275	0.2470852
0.51497275	0.2470852
0.51497275	0.2470852
0.51497275	0.2470852
0.51497275	0.2538678
0.51497275	0.2470852
0.51497275	0.2470852
0.51497275	0.2470852
0.51497275	0.2470852
0.51497275	0.2470852
0.51497275	0.2538678
0.51497275	0.32203934
0.51497275	0.2538678
0.51497275	0.32203934
0.51497275	0.32203934
0.51497275	0.2538678
0.51497275	0.24642399
0.51497275	0.2470852
0.51497275	0.2470852
0.51497275	0.2538678
0.51497275	0.2470852
0.3895293	0.65497905
0.3895293	0.65497905
0.3895293	0.65497905
0.3895293	0.65497905
0.3895293	0.65497905
0.3895293	0.65497905
0.3895293	0.65497905
0.3895293	0.65497905
0.3895293	0.65497905
0.3895293	0.65497905
0.3895293	0.65497905
0.3895293	0.65497905
0.34060866	0.66032344
0.27656072	0.65784335
0.27656072	0.65784335
0.36202294	0.6587979
0.34060866	0.66032344
0.27656072	0.65784335
0.27656072	0.65784335
0.27656072	0.65784335
0.27656072	0.65784335
0.27656072	0.65784335
0.27656072	0.65784335
0.27656072	0.65784335
0.27656072	0.65784335
0.27656072	0.65784335
0.27656072	0.65784335
0.27656072	0.65784335
0.27656072	0.65784335
0.27656072	0.65784335
0.27656072	0.65784335
0.27656072	0.65784335
0.25516576	0.7213785
0.2618145	0.6974213
0.25516576	0.7213785
0.25516576	0.7213785
0.25516576	0.7213785
