7.937689	1.0993904
7.937689	1.0993904
7.3651104	8.939247
7.937689	1.0993904
7.937689	1.0993904
7.937689	1.0993904
7.937689	1.0993904
7.937689	1.0993904
7.937689	1.0993904
7.937689	1.0993904
7.937689	1.0993904
7.937689	1.0993904
7.937689	1.0993904
7.937689	1.0993904
7.937689	1.0993904
7.937689	1.0993904
7.937689	1.0993904
7.843201	2.2443805
7.843201	2.2443805
7.843201	2.2443805
7.843201	2.2443805
7.937689	1.0993904
7.843201	2.2443805
7.843201	2.2443805
7.843201	2.2443805
7.996595	3.7970917
7.996595	3.7970917
7.996595	3.7970917
4.54175	11.564116
7.996595	3.7970917
7.996595	3.7970917
7.996595	3.7970917
7.996595	3.7970917
8.257073	2.6629477
8.257073	2.6629477
8.257073	2.6629477
8.257073	2.6629477
8.257073	2.6629477
7.6084933	1.1810956
7.6084933	1.1810956
7.996595	3.7970917
5.0867558	3.4854374
7.996595	3.7970917
7.996595	3.7970917
7.996595	3.7970917
7.996595	3.7970917
7.996595	3.7970917
7.996595	3.7970917
7.996595	3.7970917
7.996595	3.7970917
7.996595	3.7970917
7.996595	3.7970917
7.996595	3.7970917
7.750949	3.748825
7.750949	3.748825
7.750949	3.748825
7.750949	3.748825
5.2767067	4.3415236
7.750949	3.748825
7.750949	3.748825
7.750949	3.748825
7.826097	1.39224
7.800541	2.43116
7.826097	1.39224
7.826097	1.39224
7.826097	1.39224
8.42238	3.858757
8.42238	3.858757
8.42238	3.858757
8.42238	3.858757
7.826097	1.39224
7.826097	1.39224
7.826097	1.39224
7.826097	1.39224
7.826097	1.39224
8.089355	3.3256257
8.089355	3.3256257
8.089355	3.3256257
8.089355	3.3256257
7.826097	1.39224
7.826097	1.39224
7.826097	1.39224
7.826097	1.39224
7.826097	1.39224
7.826097	1.39224
7.826097	1.39224
7.7134185	2.2031507
7.9401183	1.3580338
7.908599	1.7246416
8.201514	1.5217284
8.089355	3.3256257
8.089355	3.3256257
8.089355	3.3256257
8.201514	1.5217284
8.201514	1.5217284
8.201514	1.5217284
7.908599	1.7246416
7.908599	1.7246416
7.908599	1.7246416
7.908599	1.7246416
7.9401183	1.3580338
7.9401183	1.3580338
8.201514	1.5217284
8.201514	1.5217284
8.201514	1.5217284
8.201514	1.5217284
8.201514	1.5217284
8.201514	1.5217284
7.9401183	1.3580338
-0.4716357	17.809055
7.9401183	1.3580338
7.6366105	0.99495196
7.9401183	1.3580338
7.9401183	1.3580338
7.9401183	1.3580338
7.9401183	1.3580338
7.9401183	1.3580338
7.9401183	1.3580338
7.9401183	1.3580338
7.9401183	1.3580338
7.9401183	1.3580338
8.308677	2.020249
7.9401183	1.3580338
7.8525453	0.9642472
7.8525453	0.9642472
7.8525453	0.9642472
7.8525453	0.9642472
4.1118393	4.562828
7.8525453	0.9642472
7.8525453	0.9642472
7.8525453	0.9642472
7.8525453	0.9642472
8.276917	2.7779028
8.276917	2.7779028
8.276917	2.7779028
8.276917	2.7779028
8.276917	2.7779028
8.276917	2.7779028
8.276917	2.7779028
4.022604	9.113554
8.276917	2.7779028
8.276917	2.7779028
7.9615374	2.0522258
8.276917	2.7779028
8.276917	2.7779028
7.6878743	1.006927
7.6878743	1.006927
7.6878743	1.006927
8.19985	4.3140655
7.6878743	1.006927
