2.2244115	0.23500103
2.2244115	0.23500103
2.2244115	0.23500103
3.0517	0.492567
4.784609	0.60786474
4.784609	0.60786474
2.137404	0.6159311
2.2244115	0.23500103
3.0517	0.492567
4.5280046	0.5514948
4.5280046	0.5514948
1.9383965	0.3424115
2.1754653	0.27269396
2.1754653	0.27269396
2.1754653	0.27269396
2.2244115	0.23500103
2.5645468	0.4915427
2.5645468	0.4915427
2.5645468	0.4915427
2.2244115	0.23500103
2.5645468	0.4915427
1.9383965	0.3424115
1.9383965	0.3424115
1.9383965	0.3424115
1.9383965	0.3424115
1.9383965	0.3424115
1.8028791	0.49365506
1.9383965	0.3424115
1.9383965	0.3424115
1.8028791	0.49365506
1.8028791	0.49365506
1.9383965	0.3424115
1.9383965	0.3424115
1.9383965	0.3424115
1.9383965	0.3424115
2.0813825	0.57845426
2.0524187	0.42472503
2.0524187	0.42472503
2.0524187	0.42472503
2.0524187	0.42472503
2.1754653	0.27269396
2.1754653	0.27269396
2.1748564	0.86505777
2.1748564	0.86505777
2.2244115	0.3085995
2.1748564	0.86505777
2.1754653	0.27269396
1.9395361	1.2173147
2.0524187	0.42472503
2.1754653	0.27269396
2.1754653	0.27269396
2.1754653	0.27269396
2.1754653	0.27269396
2.1754653	0.27269396
2.1754653	0.27269396
2.1754653	0.27269396
2.1754653	0.27269396
1.6951063	0.993808
1.6951063	0.993808
1.6951063	0.993808
1.6951063	0.993808
1.6951063	0.993808
1.9395361	1.2173147
1.9395361	1.2173147
1.9395361	1.2173147
1.9395361	1.2173147
1.772016	1.4828109
1.772016	1.4828109
1.4078617	0.8126723
1.4078617	0.8126723
1.4078617	0.8126723
1.4078617	0.8126723
1.4078617	0.8126723
1.9097306	0.6913561
2.8993816	1.308581
2.8993816	1.308581
2.8993816	1.308581
3.552814	1.6858082
1.4078617	0.8126723
1.5120376	0.55817807
1.4078617	0.8126723
1.5120376	0.55817807
1.5120376	0.55817807
1.5120376	0.55817807
1.5120376	0.55817807
1.5120376	0.55817807
1.5120376	0.55817807
1.5120376	0.55817807
1.6751456	1.0689683
1.6751456	1.0689683
1.5120376	0.55817807
1.6751456	1.0689683
1.6751456	1.0689683
1.7570008	0.73872274
1.6751456	1.0689683
1.8256615	1.2146752
1.8256615	1.2146752
1.6751456	1.0689683
1.5120376	0.55817807
1.5120376	0.55817807
