11.39321	12.384759
11.39321	12.384759
11.39321	12.384759
11.39321	12.384759
8.154359	9.0288725
8.154359	9.0288725
11.39321	12.384759
11.39321	12.384759
11.39321	12.384759
11.39321	12.384759
11.39321	12.384759
11.39321	12.384759
11.39321	12.384759
11.39321	12.384759
11.39321	12.384759
11.39321	12.384759
11.39321	12.384759
11.39321	12.384759
11.39321	12.384759
11.39321	12.384759
11.39321	12.384759
11.39321	12.384759
11.39321	12.384759
11.39321	12.384759
11.39321	12.384759
11.39321	12.384759
11.39321	12.384759
11.39321	12.384759
11.39321	12.384759
11.39321	12.384759
11.39321	12.384759
11.39321	12.384759
11.39321	12.384759
11.39321	12.384759
11.39321	12.384759
-1.06567	9.876656
11.39321	12.384759
11.39321	12.384759
11.39321	12.384759
11.39321	12.384759
11.39321	12.384759
11.39321	12.384759
11.39321	12.384759
11.39321	12.384759
11.39321	12.384759
11.39321	12.384759
11.39321	12.384759
11.39321	12.384759
11.39321	12.384759
11.39321	12.384759
11.39321	12.384759
11.39321	12.384759
11.39321	12.384759
11.39321	12.384759
11.39321	12.384759
11.39321	12.384759
11.39321	12.384759
11.39321	12.384759
11.39321	12.384759
11.39321	12.384759
11.39321	12.384759
3.3037205	9.995408
11.39321	12.384759
11.39321	12.384759
7.730439	8.723981
7.730439	8.723981
0.13908482	9.033455
7.730439	8.723981
7.730439	8.723981
11.39321	12.384759
11.39321	12.384759
7.730439	8.723981
11.39321	12.384759
11.39321	12.384759
11.39321	12.384759
11.39321	12.384759
7.730439	8.723981
11.39321	12.384759
11.39321	12.384759
11.39321	12.384759
7.730439	8.723981
7.730439	8.723981
7.730439	8.723981
7.730439	8.723981
7.730439	8.723981
7.730439	8.723981
2.6638985	8.057358
7.730439	8.723981
7.730439	8.723981
7.730439	8.723981
7.730439	8.723981
11.39321	12.384759
7.730439	8.723981
11.39321	12.384759
11.39321	12.384759
11.39321	12.384759
11.39321	12.384759
11.39321	12.384759
11.39321	12.384759
11.39321	12.384759
11.39321	12.384759
11.39321	12.384759
11.39321	12.384759
11.39321	12.384759
11.39321	12.384759
11.39321	12.384759
11.39321	12.384759
11.39321	12.384759
11.39321	12.384759
11.39321	12.384759
11.39321	12.384759
11.39321	12.384759
11.39321	12.384759
11.39321	12.384759
9.694086	15.545893
11.39321	12.384759
11.39321	12.384759
11.39321	12.384759
11.39321	12.384759
7.730439	8.723981
11.39321	12.384759
11.39321	12.384759
9.37379	9.987754
11.39321	12.384759
11.39321	12.384759
8.755642	9.380684
8.755642	9.380684
8.755642	9.380684
8.755642	9.380684
8.755642	9.380684
8.755642	9.380684
8.755642	9.380684
8.755642	9.380684
8.755642	9.380684
8.755642	9.380684
8.192172	9.161182
8.192172	9.161182
8.192172	9.161182
9.421031	9.992248
9.421031	9.992248
9.421031	9.992248
11.39321	12.384759
11.39321	12.384759
11.39321	12.384759
11.39321	12.384759
11.39321	12.384759
11.39321	12.384759
11.39321	12.384759
11.39321	12.384759
11.39321	12.384759
23.294266	32.287804
8.755642	9.380684
8.755642	9.380684
8.755642	9.380684
8.755642	9.380684
8.755642	9.380684
1.6735564	6.827375
7.730439	8.723981
7.730439	8.723981
8.755642	9.380684
8.755642	9.380684
8.755642	9.380684
8.755642	9.380684
8.755642	9.380684
8.755642	9.380684
8.755642	9.380684
8.755642	9.380684
8.755642	9.380684
8.755642	9.380684
8.755642	9.380684
8.755642	9.380684
8.755642	9.380684
8.755642	9.380684
8.755642	9.380684
8.755642	9.380684
8.755642	9.380684
8.755642	9.380684
7.730439	8.723981
7.730439	8.723981
7.730439	8.723981
7.730439	8.723981
7.730439	8.723981
7.730439	8.723981
7.730439	8.723981
7.730439	8.723981
4.699564	13.994469
7.730439	8.723981
7.730439	8.723981
7.730439	8.723981
7.730439	8.723981
7.730439	8.723981
7.730439	8.723981
11.39321	12.384759
11.39321	12.384759
11.39321	12.384759
8.197342	13.621402
7.730439	8.723981
7.730439	8.723981
7.730439	8.723981
8.192172	9.161182
8.192172	9.161182
8.192172	9.161182
8.192172	9.161182
8.192172	9.161182
8.088684	8.802776
8.088684	8.802776
8.088684	8.802776
8.088684	8.802776
7.730439	8.723981
7.730439	8.723981
7.730439	8.723981
7.730439	8.723981
7.730439	8.723981
7.730439	8.723981
7.730439	8.723981
7.730439	8.723981
7.730439	8.723981
7.730439	8.723981
9.863819	12.475502
7.730439	8.723981
7.730439	8.723981
7.730439	8.723981
7.730439	8.723981
7.730439	8.723981
7.730439	8.723981
7.730439	8.723981
7.730439	8.723981
7.730439	8.723981
7.730439	8.723981
7.730439	8.723981
7.730439	8.723981
7.730439	8.723981
7.730439	8.723981
7.730439	8.723981
7.730439	8.723981
7.730439	8.723981
7.730439	8.723981
7.730439	8.723981
7.730439	8.723981
7.730439	8.723981
7.730439	8.723981
7.730439	8.723981
7.730439	8.723981
7.730439	8.723981
7.730439	8.723981
7.730439	8.723981
7.730439	8.723981
6.1472793	15.004787
7.730439	8.723981
8.154793	9.006963
8.154793	9.006963
8.154793	9.006963
8.154793	9.006963
8.154793	9.006963
8.154793	9.006963
8.154793	9.006963
8.154793	9.006963
8.154793	9.006963
8.154793	9.006963
8.154793	9.006963
9.095037	18.156868
8.154793	9.006963
8.154793	9.006963
7.730439	8.723981
7.730439	8.723981
9.969974	19.447563
8.192172	9.161182
8.192172	9.161182
8.192172	9.161182
-0.94634736	7.891532
8.192172	9.161182
5.5181384	10.992594
8.192172	9.161182
8.192172	9.161182
8.192172	9.161182
8.192172	9.161182
8.192172	9.161182
8.192172	9.161182
8.192172	9.161182
8.192172	9.161182
8.192172	9.161182
8.126224	8.796994
4.918916	8.190663
8.126224	8.796994
8.126224	8.796994
8.126224	8.796994
8.126224	8.796994
8.126224	8.796994
8.126224	8.796994
8.126224	8.796994
8.126224	8.796994
6.133436	15.487371
8.126224	8.796994
8.126224	8.796994
8.126224	8.796994
8.126224	8.796994
12.223806	21.782995
8.126224	8.796994
8.126224	8.796994
8.126224	8.796994
8.126224	8.796994
8.126224	8.796994
8.154359	9.0288725
7.587354	8.116117
8.154359	9.0288725
8.154359	9.0288725
8.154359	9.0288725
7.587354	8.116117
8.133845	8.73484
8.154793	9.006963
8.154793	9.006963
8.154793	9.006963
8.154793	9.006963
8.154793	9.006963
1.3491185	7.974954
8.770175	9.660606
8.154793	9.006963
8.770175	9.660606
8.154793	9.006963
8.154793	9.006963
8.154793	9.006963
8.154793	9.006963
8.154793	9.006963
8.154793	9.006963
8.154793	9.006963
8.154793	9.006963
8.154793	9.006963
8.154793	9.006963
8.770175	9.660606
8.154359	9.0288725
7.587354	8.116117
8.770175	9.660606
8.770175	9.660606
8.770175	9.660606
8.770175	9.660606
8.770175	9.660606
8.770175	9.660606
8.154359	9.0288725
8.770175	9.660606
8.770175	9.660606
8.770175	9.660606
8.770175	9.660606
8.770175	9.660606
8.770175	9.660606
8.770175	9.660606
8.770175	9.660606
8.770175	9.660606
8.770175	9.660606
8.770175	9.660606
8.770175	9.660606
8.770175	9.660606
8.770175	9.660606
8.770175	9.660606
8.770175	9.660606
8.770175	9.660606
8.770175	9.660606
8.770175	9.660606
8.770175	9.660606
8.770175	9.660606
8.770175	9.660606
8.770175	9.660606
8.770175	9.660606
8.770175	9.660606
9.760511	10.4044895
9.760511	10.4044895
4.45299	13.527271
9.760511	10.4044895
1.000407	9.527922
9.760511	10.4044895
9.760511	10.4044895
5.5704985	12.450983
8.770175	9.660606
3.7539804	7.3840127
9.760511	10.4044895
8.770175	9.660606
8.770175	9.660606
8.770175	9.660606
9.760511	10.4044895
4.076583	9.5528
9.760511	10.4044895
9.760511	10.4044895
9.760511	10.4044895
8.154359	9.0288725
8.154359	9.0288725
8.154359	9.0288725
8.154359	9.0288725
8.154359	9.0288725
9.098276	18.311823
8.154359	9.0288725
8.154359	9.0288725
8.154359	9.0288725
8.154359	9.0288725
8.154359	9.0288725
8.154359	9.0288725
8.154359	9.0288725
8.154359	9.0288725
8.154359	9.0288725
8.154359	9.0288725
8.154359	9.0288725
8.154359	9.0288725
17.624197	26.553514
8.154359	9.0288725
8.154359	9.0288725
8.154359	9.0288725
8.154359	9.0288725
8.154359	9.0288725
8.154359	9.0288725
8.154359	9.0288725
8.154359	9.0288725
8.154359	9.0288725
8.154359	9.0288725
8.154359	9.0288725
8.154359	9.0288725
8.154359	9.0288725
7.072913	16.402925
8.770175	9.660606
8.770175	9.660606
8.770175	9.660606
8.770175	9.660606
8.770175	9.660606
8.770175	9.660606
8.770175	9.660606
8.770175	9.660606
8.503215	9.116192
8.503215	9.116192
8.503215	9.116192
8.503215	9.116192
8.503215	9.116192
8.503215	9.116192
8.503215	9.116192
8.503215	9.116192
8.503215	9.116192
8.503215	9.116192
8.503215	9.116192
8.503215	9.116192
8.503215	9.116192
8.503215	9.116192
8.503215	9.116192
8.503215	9.116192
8.503215	9.116192
8.503215	9.116192
8.503215	9.116192
8.503215	9.116192
8.154359	9.0288725
8.154359	9.0288725
8.154359	9.0288725
8.154359	9.0288725
8.154359	9.0288725
8.154359	9.0288725
8.154359	9.0288725
8.154359	9.0288725
8.154359	9.0288725
10.109962	17.660406
8.154359	9.0288725
8.154359	9.0288725
8.154359	9.0288725
8.770175	9.660606
8.770175	9.660606
8.770175	9.660606
8.770175	9.660606
8.770175	9.660606
8.770175	9.660606
8.770175	9.660606
8.770175	9.660606
8.154359	9.0288725
8.154359	9.0288725
8.770175	9.660606
2.7067797	12.063246
8.154359	9.0288725
8.770175	9.660606
8.770175	9.660606
8.770175	9.660606
6.213058	15.340935
8.770175	9.660606
-1.4385109	9.375415
8.770175	9.660606
8.770175	9.660606
8.770175	9.660606
8.770175	9.660606
8.770175	9.660606
8.770175	9.660606
8.770175	9.660606
8.770175	9.660606
8.770175	9.660606
8.770175	9.660606
8.770175	9.660606
7.5793743	16.613214
8.770175	9.660606
6.267165	15.358137
0.9573412	11.670717
8.770175	9.660606
8.770175	9.660606
8.770175	9.660606
8.770175	9.660606
8.770175	9.660606
8.770175	9.660606
8.770175	9.660606
8.770175	9.660606
8.770175	9.660606
8.770175	9.660606
8.770175	9.660606
8.770175	9.660606
8.770175	9.660606
8.770175	9.660606
8.770175	9.660606
7.842943	8.796245
8.770175	9.660606
9.760511	10.4044895
9.760511	10.4044895
8.770175	9.660606
8.770175	9.660606
8.770175	9.660606
8.770175	9.660606
8.770175	9.660606
8.770175	9.660606
8.770175	9.660606
8.770175	9.660606
8.770175	9.660606
9.760511	10.4044895
9.760511	10.4044895
8.770175	9.660606
9.760511	10.4044895
9.760511	10.4044895
9.760511	10.4044895
8.105427	8.773773
8.105427	8.773773
7.842943	8.796245
7.842943	8.796245
7.842943	8.796245
7.842943	8.796245
7.842943	8.796245
7.842943	8.796245
7.842943	8.796245
7.842943	8.796245
8.770175	9.660606
8.770175	9.660606
8.770175	9.660606
8.770175	9.660606
8.770175	9.660606
8.770175	9.660606
8.770175	9.660606
8.770175	9.660606
8.770175	9.660606
8.770175	9.660606
8.770175	9.660606
8.770175	9.660606
8.770175	9.660606
8.770175	9.660606
9.760511	10.4044895
9.760511	10.4044895
9.760511	10.4044895
9.760511	10.4044895
9.760511	10.4044895
9.760511	10.4044895
9.760511	10.4044895
9.760511	10.4044895
9.760511	10.4044895
9.760511	10.4044895
9.760511	10.4044895
9.760511	10.4044895
9.760511	10.4044895
9.760511	10.4044895
9.760511	10.4044895
9.760511	10.4044895
10.952643	11.594055
10.952643	11.594055
10.952643	11.594055
10.952643	11.594055
10.952643	11.594055
10.952643	11.594055
10.952643	11.594055
10.952643	11.594055
10.952643	11.594055
10.952643	11.594055
10.952643	11.594055
10.952643	11.594055
10.952643	11.594055
10.952643	11.594055
10.952643	11.594055
10.952643	11.594055
10.952643	11.594055
10.952643	11.594055
10.952643	11.594055
10.952643	11.594055
10.952643	11.594055
10.952643	11.594055
10.952643	11.594055
10.952643	11.594055
10.952643	11.594055
10.952643	11.594055
10.952643	11.594055
4.2171426	11.319653
9.760511	10.4044895
10.952643	11.594055
10.952643	11.594055
10.952643	11.594055
9.760511	10.4044895
9.760511	10.4044895
3.4619846	8.566933
10.952643	11.594055
10.952643	11.594055
10.952643	11.594055
9.760511	10.4044895
10.952643	11.594055
9.760511	10.4044895
10.952643	11.594055
10.952643	11.594055
10.952643	11.594055
10.952643	11.594055
9.760511	10.4044895
9.760511	10.4044895
9.760511	10.4044895
9.760511	10.4044895
9.760511	10.4044895
7.568138	17.045109
9.760511	10.4044895
9.760511	10.4044895
9.760511	10.4044895
9.760511	10.4044895
9.760511	10.4044895
9.760511	10.4044895
9.760511	10.4044895
9.760511	10.4044895
9.760511	10.4044895
9.760511	10.4044895
9.760511	10.4044895
1.613557	12.292645
9.760511	10.4044895
9.760511	10.4044895
9.760511	10.4044895
3.1609008	8.506405
9.760511	10.4044895
9.760511	10.4044895
9.760511	10.4044895
9.760511	10.4044895
9.760511	10.4044895
9.760511	10.4044895
9.760511	10.4044895
9.760511	10.4044895
11.395542	12.133719
11.395542	12.133719
11.395542	12.133719
11.395542	12.133719
11.395542	12.133719
11.395542	12.133719
11.395542	12.133719
11.395542	12.133719
14.805482	23.860916
11.395542	12.133719
11.395542	12.133719
11.395542	12.133719
9.760511	10.4044895
9.760511	10.4044895
9.760511	10.4044895
9.760511	10.4044895
9.760511	10.4044895
9.760511	10.4044895
9.760511	10.4044895
9.760511	10.4044895
9.760511	10.4044895
9.760511	10.4044895
9.760511	10.4044895
9.760511	10.4044895
8.05703	8.714073
8.05703	8.714073
9.760511	10.4044895
9.760511	10.4044895
9.760511	10.4044895
9.760511	10.4044895
9.760511	10.4044895
9.760511	10.4044895
9.760511	10.4044895
9.760511	10.4044895
11.395542	12.133719
9.760511	10.4044895
9.760511	10.4044895
9.760511	10.4044895
9.760511	10.4044895
9.760511	10.4044895
9.760511	10.4044895
9.760511	10.4044895
9.760511	10.4044895
9.760511	10.4044895
9.760511	10.4044895
9.760511	10.4044895
9.760511	10.4044895
9.760511	10.4044895
12.250299	17.82317
5.1624246	14.286051
9.760511	10.4044895
9.760511	10.4044895
9.760511	10.4044895
9.760511	10.4044895
9.760511	10.4044895
9.760511	10.4044895
9.760511	10.4044895
9.760511	10.4044895
9.760511	10.4044895
9.760511	10.4044895
9.760511	10.4044895
9.760511	10.4044895
9.760511	10.4044895
9.760511	10.4044895
9.760511	10.4044895
9.760511	10.4044895
9.760511	10.4044895
10.051974	11.00931
10.051974	11.00931
10.051974	11.00931
10.051974	11.00931
10.051974	11.00931
8.569174	9.519611
8.569174	9.519611
8.569174	9.519611
8.569174	9.519611
8.569174	9.519611
8.569174	9.519611
8.569174	9.519611
8.569174	9.519611
8.569174	9.519611
8.569174	9.519611
8.569174	9.519611
8.569174	9.519611
11.395542	12.133719
11.395542	12.133719
4.11345	12.959318
11.395542	12.133719
11.395542	12.133719
11.395542	12.133719
11.395542	12.133719
11.395542	12.133719
-1.2181119	7.5591784
11.395542	12.133719
6.0500607	14.7596035
11.395542	12.133719
11.395542	12.133719
11.395542	12.133719
11.395542	12.133719
11.395542	12.133719
11.395542	12.133719
11.395542	12.133719
11.395542	12.133719
11.395542	12.133719
8.569174	9.519611
8.569174	9.519611
2.9210272	9.857368
8.569174	9.519611
8.569174	9.519611
8.569174	9.519611
8.569174	9.519611
8.569174	9.519611
8.569174	9.519611
4.2082114	12.993171
8.569174	9.519611
8.569174	9.519611
8.569174	9.519611
8.569174	9.519611
8.569174	9.519611
8.569174	9.519611
8.569174	9.519611
8.569174	9.519611
8.569174	9.519611
8.569174	9.519611
8.569174	9.519611
8.569174	9.519611
8.569174	9.519611
8.569174	9.519611
8.569174	9.519611
8.569174	9.519611
8.569174	9.519611
8.569174	9.519611
8.569174	9.519611
8.569174	9.519611
8.569174	9.519611
8.569174	9.519611
8.569174	9.519611
8.569174	9.519611
8.569174	9.519611
10.051974	11.00931
10.051974	11.00931
10.051974	11.00931
10.051974	11.00931
10.051974	11.00931
10.051974	11.00931
10.051974	11.00931
10.051974	11.00931
10.051974	11.00931
10.051974	11.00931
10.051974	11.00931
10.051974	11.00931
10.051974	11.00931
10.051974	11.00931
10.051974	11.00931
10.051974	11.00931
10.051974	11.00931
10.051974	11.00931
10.051974	11.00931
10.051974	11.00931
10.051974	11.00931
8.569174	9.519611
8.569174	9.519611
10.051974	11.00931
10.051974	11.00931
8.946588	9.618966
8.946588	9.618966
8.946588	9.618966
8.946588	9.618966
9.237932	16.382381
8.946588	9.618966
8.946588	9.618966
8.946588	9.618966
8.946588	9.618966
8.946588	9.618966
8.946588	9.618966
8.946588	9.618966
8.946588	9.618966
8.946588	9.618966
8.946588	9.618966
8.946588	9.618966
8.946588	9.618966
8.946588	9.618966
8.946588	9.618966
8.946588	9.618966
8.946588	9.618966
8.946588	9.618966
8.946588	9.618966
10.051974	11.00931
10.051974	11.00931
10.051974	11.00931
10.051974	11.00931
10.051974	11.00931
10.051974	11.00931
9.661621	10.342346
10.051974	11.00931
10.051974	11.00931
10.051974	11.00931
10.051974	11.00931
10.062139	11.011848
10.062139	11.011848
10.062139	11.011848
10.062139	11.011848
10.062139	11.011848
10.062139	11.011848
10.062139	11.011848
10.051974	11.00931
10.051974	11.00931
10.051974	11.00931
10.051974	11.00931
10.051974	11.00931
10.051974	11.00931
3.6915712	10.592182
10.051974	11.00931
10.051974	11.00931
10.051974	11.00931
8.328262	8.923251
8.328262	8.923251
10.051974	11.00931
10.051974	11.00931
10.051974	11.00931
10.062139	11.011848
10.051974	11.00931
10.051974	11.00931
8.741277	18.382404
10.051974	11.00931
10.051974	11.00931
10.051974	11.00931
10.051974	11.00931
10.051974	11.00931
10.051974	11.00931
10.051974	11.00931
10.051974	11.00931
10.051974	11.00931
10.051974	11.00931
10.051974	11.00931
10.051974	11.00931
10.051974	11.00931
10.477395	19.557909
10.051974	11.00931
10.051974	11.00931
10.051974	11.00931
10.051974	11.00931
10.051974	11.00931
10.051974	11.00931
10.051974	11.00931
9.118337	16.3199
10.051974	11.00931
10.051974	11.00931
10.051974	11.00931
10.051974	11.00931
10.051974	11.00931
10.051974	11.00931
10.051974	11.00931
10.051974	11.00931
10.051974	11.00931
10.051974	11.00931
10.051974	11.00931
10.051974	11.00931
10.051974	11.00931
10.051974	11.00931
10.051974	11.00931
10.051974	11.00931
10.051974	11.00931
10.051974	11.00931
10.051974	11.00931
10.051974	11.00931
10.051974	11.00931
10.051974	11.00931
10.051974	11.00931
10.051974	11.00931
10.051974	11.00931
10.051974	11.00931
10.051974	11.00931
10.051974	11.00931
10.051974	11.00931
10.051974	11.00931
10.051974	11.00931
10.051974	11.00931
10.051974	11.00931
9.055208	9.917422
9.055208	9.917422
9.055208	9.917422
9.055208	9.917422
9.055208	9.917422
9.055208	9.917422
9.055208	9.917422
9.055208	9.917422
9.055208	9.917422
9.055208	9.917422
9.055208	9.917422
9.055208	9.917422
8.328262	8.923251
-0.100975275	10.765177
8.328262	8.923251
8.328262	8.923251
8.328262	8.923251
8.328262	8.923251
8.328262	8.923251
8.328262	8.923251
8.328262	8.923251
9.055208	9.917422
9.055208	9.917422
9.055208	9.917422
-0.7861918	10.151513
9.055208	9.917422
9.055208	9.917422
9.055208	9.917422
9.055208	9.917422
9.055208	9.917422
9.055208	9.917422
9.055208	9.917422
9.055208	9.917422
9.055208	9.917422
9.055208	9.917422
9.055208	9.917422
11.267736	18.804438
9.055208	9.917422
8.328262	8.923251
9.055208	9.917422
9.055208	9.917422
9.055208	9.917422
8.328262	8.923251
8.328262	8.923251
8.328262	8.923251
8.328262	8.923251
8.328262	8.923251
8.328262	8.923251
8.328262	8.923251
8.328262	8.923251
8.328262	8.923251
8.328262	8.923251
8.328262	8.923251
8.328262	8.923251
8.328262	8.923251
8.328262	8.923251
8.328262	8.923251
8.328262	8.923251
8.328262	8.923251
8.328262	8.923251
10.439074	11.065537
8.328262	8.923251
8.328262	8.923251
8.328262	8.923251
8.328262	8.923251
8.328262	8.923251
8.328262	8.923251
8.328262	8.923251
8.328262	8.923251
8.328262	8.923251
8.328262	8.923251
8.328262	8.923251
9.055208	9.917422
9.055208	9.917422
9.055208	9.917422
9.055208	9.917422
9.055208	9.917422
9.055208	9.917422
9.055208	9.917422
8.402175	15.622002
9.055208	9.917422
9.055208	9.917422
