0.849269	-0.7026756
0.849269	-0.7026756
0.849269	-0.7026756
0.849269	-0.7026756
0.849269	-0.7026756
0.849269	-0.69891137
0.849269	-0.69891137
0.84348655	-0.67619073
0.84348655	-0.67619073
0.84348655	-0.67619073
0.8417951	-0.6632823
0.8417951	-0.6632823
0.8417951	-0.6632823
0.84108686	-0.6577404
0.8399266	-0.64214754
0.84108686	-0.6577404
0.84108686	-0.6577404
0.8399266	-0.64214754
0.8399266	-0.64214754
0.83770406	-0.6196793
0.83770406	-0.61987156
0.83734995	-0.6084479
0.83734995	-0.6084479
0.83734995	-0.6084479
0.83734995	-0.6084479
0.83548146	-0.59706664
0.83548146	-0.59706664
0.83548146	-0.59706664
0.8345473	-0.5808554
0.8345473	-0.5808554
0.8399266	-0.64214754
0.8345473	-0.5808554
0.8345473	-0.5808554
0.8345473	-0.5808554
0.8329048	-0.5398905
0.8329048	-0.5398905
0.8329048	-0.5398905
0.8329048	-0.539639
0.8329048	-0.539639
0.8329048	-0.539639
0.8329048	-0.5398905
0.82916784	-0.49953493
0.82916784	-0.49953493
0.82916784	-0.49953493
0.82916784	-0.49953493
0.82916784	-0.49953493
0.82916784	-0.49820688
0.82916784	-0.49820688
0.82916784	-0.49820688
0.82916784	-0.49820688
0.82916784	-0.49820688
0.82916784	-0.49953493
0.82916784	-0.49953493
0.82472277	-0.41723835
0.82916784	-0.4994386
0.82916784	-0.49953493
0.82916784	-0.49953493
0.82916784	-0.49953493
0.82916784	-0.49953493
0.6431972	-0.3725734
0.6431972	-0.3725734
0.6431972	-0.3725734
0.6431972	-0.3725734
0.6431972	-0.3725734
0.6431972	-0.3725734
0.6431972	-0.3725734
0.6431972	-0.3725734
0.6431972	-0.3725734
0.6431972	-0.3725734
0.6431972	-0.3725734
0.6431972	-0.3725734
0.6431972	-0.3725734
0.6431972	-0.3725734
0.6431972	-0.3725734
0.6431972	-0.3725734
0.6431972	-0.34623662
0.6431972	-0.34623662
0.6431972	-0.3725734
0.6431972	-0.34623662
0.6431972	-0.34623662
0.6431972	-0.34623662
0.6431972	-0.28755692
0.6431972	-0.28755692
0.6431972	-0.28910846
0.6431972	-0.3725734
0.6431972	-0.3725734
0.6431972	-0.3725734
0.6431972	-0.3725734
0.6431972	-0.3725734
0.6292699	-0.22528955
0.6292699	-0.22528955
0.6292699	-0.22528955
0.6292699	-0.22528955
0.6292699	-0.22528955
0.6292699	-0.22528955
0.6292699	-0.22528955
0.6292699	-0.21123596
0.6292699	-0.19265795
0.6292699	-0.22528955
0.6292699	-0.22528955
0.6292699	-0.22528955
0.6292699	-0.22528955
0.6292699	-0.22528955
0.6292699	-0.21123596
0.6292699	-0.22528955
0.6292699	-0.22528955
0.45285797	-0.045307733
0.45285797	-0.045307733
0.45285797	-0.045307733
0.45285797	-0.045307733
0.45285797	-0.045307733
0.45285797	-0.045307733
0.45285797	-0.045307733
0.45285797	-0.045307733
0.45285797	-0.045307733
0.45285797	-0.045307733
0.45285797	-0.045178965
0.45285797	-0.04524568
0.45285797	-0.04524568
0.45285797	-0.04524568
0.45285797	-0.04524568
0.45285797	-0.045307733
0.45285797	-0.045307733
0.44411895	-0.036597244
0.44411895	-0.036597244
0.44411895	-0.036597244
0.44411895	-0.036597244
0.44411895	-0.036597244
0.44411895	-0.036597244
0.44411895	-0.036597244
0.44411895	-0.036597244
0.44411895	-0.036597244
0.44411895	-0.036597244
0.44411895	-0.036597244
0.4276719	0.10910035
0.44411895	-0.036597244
0.4276719	0.10910035
0.4276719	0.10910035
0.4276719	0.10910035
0.4276719	0.10910035
0.4276719	0.10910035
0.4276719	0.19571409
0.4276719	0.10910035
0.4276719	0.10910035
0.4276719	0.10910035
0.25787172	0.32508114
0.25787172	0.32508114
0.25787172	0.32508114
0.25787172	0.32508114
0.25787172	0.32508114
0.25787172	0.32508114
0.25787172	0.32508114
0.25787172	0.32508114
0.25787172	0.32508114
0.25787172	0.32508114
0.25787172	0.32508114
0.25787172	0.32531157
0.25787172	0.32531157
0.25787172	0.32531157
0.25787172	0.32508114
0.25787172	0.32508114
0.25787172	0.32531157
0.25787172	0.32508114
0.25787172	0.32531157
0.25787172	0.326363
0.25787172	0.326363
0.2369906	0.38380447
0.2369906	0.38380447
0.2369906	0.38380447
0.2369906	0.38380447
0.2369906	0.38380447
0.2369906	0.38615647
0.20941408	0.5724572
0.20941408	0.5724572
0.20941408	0.5724572
0.20941408	0.5724572
0.20941408	0.5724572
0.20941408	0.5724572
0.20238358	0.6357937
0.18834232	0.7418851
0.18834232	0.7418851
0.07594942	0.7718959
0.07594942	0.7718959
0.07594942	0.7718959
0.07594942	0.7718959
0.07594942	0.7718959
0.07594942	0.7718959
0.07594942	0.7718959
0.07594942	0.7718959
0.07594942	0.7718959
0.07594942	0.7718959
0.07594942	0.7718959
0.07594942	0.7718959
0.07594942	0.7733081
0.06615863	0.82621014
0.06615863	0.82621014
0.039709806	0.87568307
0.039709806	0.87568307
0.039709806	0.8770247
0.03556584	1.4634213
