0.8471864	-0.68972164
0.8458273	-0.6829838
0.8417499	-0.65568346
0.8417499	-0.65568346
0.8392252	-0.629742
0.83650696	-0.60167664
0.83650696	-0.60167664
0.83650696	-0.60167664
0.83650696	-0.60167664
0.8338855	-0.56740326
0.83013654	-0.50195575
0.8282846	-0.47752306
0.8282846	-0.46520206
0.8282846	-0.47752306
0.64991444	-0.3798944
0.64991444	-0.3798944
0.64991444	-0.3798944
0.64991444	-0.37793943
0.64991444	-0.37793943
0.6415079	-0.31906742
0.6415079	-0.31906742
0.6415079	-0.2629617
0.6415079	-0.31907475
0.6415079	-0.31906742
0.6415079	-0.31906742
0.6415079	-0.31906742
0.456068	-0.04118567
0.456068	-0.04118567
0.456068	-0.04118567
0.456068	-0.04118567
0.456068	-0.04118567
0.456068	-0.04118567
0.4422228	0.024650779
0.42375997	0.15190208
0.42375997	0.15190208
0.42375997	0.15190208
0.26479873	0.33730996
0.26479873	0.33730996
0.26479873	0.33730996
0.26479873	0.34179178
0.26479873	0.33730996
0.24250619	0.39016154
0.2163519	0.5454938
0.21268147	0.6464721
0.08554261	0.77381575
0.08554261	0.77381575
0.08554261	0.77381575
0.08554261	0.77381575
0.025546348	0.9552372
0.025546348	0.9552372
