0.84541976	-0.6611229
0.84541976	-0.6611229
0.84517515	-0.64835536
0.84517515	-0.64835536
0.8420978	-0.6304108
0.8418046	-0.623064
0.8418046	-0.623064
0.8393741	-0.604052
0.8393741	-0.604052
0.8392863	-0.59208274
0.8372419	-0.57721525
0.8393741	-0.604052
0.8365004	-0.54752886
0.83513856	-0.5443924
0.8365004	-0.54752886
0.83315295	-0.5150602
0.83241147	-0.5044878
0.83241147	-0.50074124
0.8372419	-0.57721525
0.83050084	-0.4733443
0.82933325	-0.46239197
0.82933325	-0.45365787
0.8278179	-0.4294792
0.8278179	-0.4294792
0.826175	-0.398983
0.8278179	-0.43244752
0.8278179	-0.4294792
0.8239047	-0.3608322
0.6606994	-0.33964625
0.6606994	-0.33964625
0.6606994	-0.33964625
0.6606994	-0.33964625
0.6606994	-0.33964625
0.6606994	-0.3363229
0.6606994	-0.3363229
0.6606994	-0.33964625
0.6606994	-0.3363229
0.6606994	-0.3363229
0.6606994	-0.33964625
0.6346589	-0.24837425
0.6346589	-0.24837425
0.6346589	-0.24837425
0.6346589	-0.24837425
0.63170034	-0.20093861
0.63170034	-0.20093861
0.63170034	-0.20093861
0.63170034	-0.19343548
0.63170034	-0.19343548
0.63170034	-0.20093861
0.63170034	-0.20093861
0.63170034	-0.192179
0.63170034	-0.19343548
0.44435948	0.0112872785
0.44435948	0.0112872785
0.44435948	0.0112872785
0.44435948	0.0112872785
0.44435948	0.0112872785
0.44435948	0.0112872785
0.44435948	0.0112872785
0.44435948	0.0112872785
0.44435948	0.0112872785
0.44435948	0.0112872785
0.44435948	0.018125277
0.43212092	0.09842948
0.43212092	0.09842948
0.43212092	0.09842948
0.43212092	0.09842948
0.43212092	0.09842948
0.43212092	0.09842948
0.43212092	0.09842948
0.43212092	0.15955439
0.24328429	0.3853832
0.24328429	0.38173825
0.24328429	0.38173825
0.24328429	0.38173825
0.24328429	0.38173825
0.24328429	0.38173825
0.24328429	0.383767
0.24328429	0.383767
0.24328429	0.383767
0.24328429	0.38173825
0.24328429	0.383767
0.24328429	0.38173825
0.24328429	0.383767
0.20448326	0.6676444
0.20448326	0.6676444
0.20448326	0.67001337
0.1986905	0.6940758
0.18354204	0.78083533
0.08229151	0.80430627
0.08229151	0.80430627
0.08229151	0.80430627
0.08229151	0.80430627
0.08229151	0.80430627
0.08229151	0.80430627
0.0010423228	1.1596676
0.0010423228	1.1596676
0.0010423228	1.1616399
0.0010423228	1.1596676
0.0010423228	1.1596676
