0.17451708	5.199531
0.17451708	5.199531
0.17451708	5.199531
0.17451708	5.199531
0.17451708	5.199531
0.17451708	5.199531
0.17451708	5.199531
0.17451708	5.3257337
0.17451708	5.3257337
0.17451708	5.3257337
0.17451708	5.3257337
0.17451708	5.3257337
0.17451708	5.3257337
0.17451708	5.3257337
0.17451708	5.3257337
0.17451708	5.3257337
0.17451708	5.199531
0.17451708	5.199531
0.17451708	5.199531
0.17451708	5.3257337
0.17451708	5.199531
0.17451708	5.3257337
0.17451708	5.199531
0.17451708	5.199531
0.17451708	5.199531
0.17451708	5.199531
0.17451708	5.199531
0.17451708	5.4281206
0.17451708	5.199531
0.17451708	5.199531
0.17451708	5.199531
0.17451708	5.4281206
0.17451708	5.199531
0.17451708	5.4281206
0.17451708	5.4281206
0.17451708	5.4281206
0.17451708	5.4281206
0.17451708	5.199531
0.17451708	5.4281206
0.17451708	5.4281206
0.17451708	5.4281206
0.17451708	5.199531
0.17451708	5.4281206
0.17451708	5.4281206
0.17451708	5.4281206
0.17451708	5.4281206
0.17451708	5.4281206
0.17451708	5.199531
0.17451708	5.199531
0.17451708	5.199531
0.17451708	5.199531
0.17451708	5.199531
0.17451708	5.199531
0.17451708	5.4281206
0.17451708	5.4281206
0.17451708	5.199531
0.17451708	5.199531
0.17451708	5.199531
0.17451708	5.199531
0.17451708	5.5520463
0.17451708	5.3257337
0.17451708	5.3257337
0.17451708	5.3257337
0.17451708	5.3257337
0.17451708	5.4281206
0.17451708	5.199531
0.17451708	5.199531
0.17451708	5.199531
0.17451708	5.4281206
0.17451708	5.199531
0.17451708	5.5520463
0.17451708	5.4281206
0.17451708	5.4281206
0.17451708	5.5520463
0.17451708	5.5520463
0.17451708	5.5520463
0.17451708	5.3257337
0.17451708	5.3257337
0.17451708	5.199531
0.17451708	5.3257337
0.17451708	5.3257337
0.17451708	5.199531
0.17451708	5.5520463
0.17451708	4.9384813
0.17451708	5.5520463
0.17451708	5.5520463
0.17451708	5.5520463
0.17451708	5.5520463
0.17451708	5.199531
0.17451708	5.3073306
0.17451708	5.3257337
0.17451708	5.3257337
0.17451708	5.199531
0.17451708	5.3257337
0.17451708	5.199531
0.17451708	5.199531
0.17451708	5.3073306
0.17451708	5.4281206
0.17451708	5.3019867
0.17451708	5.199531
